1 0.6416015625 0.560546875 0.37890625 0.42578125
2 0.2373046875 0.4892578125 0.1025390625 0.16015625
2 0.4677734375 0.18359375 0.056640625 0.08984375
2 0.8232421875 0.1923828125 0.07421875 0.107421875
1 0.876953125 0.53515625 0.2451171875 0.330078125
1 0.0859375 0.56640625 0.171875 0.41796875
1 0.525390625 0.7451171875 0.20703125 0.41015625
1 0.19921875 0.40234375 0.1728515625 0.2587890625
0 0.5478515625 0.185546875 0.095703125 0.1494140625
0 0.341796875 0.5537109375 0.14453125 0.2841796875
0 0.13671875 0.1552734375 0.0673828125 0.091796875
0 0.9111328125 0.1953125 0.0859375 0.150390625
2 0.373046875 0.3486328125 0.138671875 0.16015625
2 0.03515625 0.2158203125 0.0703125 0.095703125