1 0.501953125 0.76171875 0.177734375 0.466796875
1 0.34375 0.5380859375 0.1923828125 0.3828125
1 0.916015625 0.62109375 0.1669921875 0.388671875
1 0.8193359375 0.46484375 0.12890625 0.2763671875
1 0.1591796875 0.4951171875 0.2041015625 0.28125
0 0.67578125 0.5908203125 0.140625 0.244140625
2 0.7705078125 0.544921875 0.080078125 0.1494140625
2 0.966796875 0.328125 0.0654296875 0.0966796875
0 0.873046875 0.2431640625 0.0546875 0.10546875
2 0.546875 0.205078125 0.0556640625 0.0869140625
0 0.4755859375 0.2021484375 0.1005859375 0.12890625
2 0.2080078125 0.1708984375 0.05078125 0.091796875
0 0.125 0.16015625 0.08203125 0.138671875
2 0.6484375 0.38671875 0.13671875 0.1298828125