2 0.5419921875 0.341796875 0.056640625 0.1728515625
0 0.8173828125 0.224609375 0.1005859375 0.1533203125
0 0.951171875 0.455078125 0.09765625 0.1640625
0 0.7548828125 0.72265625 0.0966796875 0.1806640625
0 0.45703125 0.4609375 0.09765625 0.1640625
0 0.283203125 0.7451171875 0.1142578125 0.18359375
0 0.1279296875 0.4541015625 0.11328125 0.2001953125
1 0.484375 0.85546875 0.19140625 0.279296875
1 0.1728515625 0.8701171875 0.1591796875 0.2470703125
1 0.6005859375 0.798828125 0.1103515625 0.3720703125
1 0.8388671875 0.6259765625 0.1630859375 0.3662109375