2 0.4150390625 0.2548828125 0.08984375 0.142578125
0 0.19140625 0.20703125 0.1201171875 0.119140625
0 0.7685546875 0.1953125 0.0361328125 0.0595703125
0 0.9111328125 0.1787109375 0.0205078125 0.0302734375
0 0.623046875 0.216796875 0.0439453125 0.0693359375
0 0.666015625 0.2080078125 0.0478515625 0.0830078125
0 0.0556640625 0.2216796875 0.0390625 0.0615234375
1 0.416015625 0.7197265625 0.27734375 0.5361328125
1 0.16796875 0.5849609375 0.2431640625 0.41015625
1 0.0625 0.4091796875 0.0390625 0.1337890625
1 0.6181640625 0.4775390625 0.13671875 0.3056640625
1 0.763671875 0.341796875 0.072265625 0.166015625
1 0.9130859375 0.2333984375 0.02734375 0.064453125