0 0.5771484375 0.349609375 0.0712890625 0.123046875
0 0.80078125 0.3427734375 0.09765625 0.14453125
0 0.8486328125 0.3671875 0.0439453125 0.1083984375
0 0.4267578125 0.3779296875 0.0546875 0.07421875
0 0.3212890625 0.392578125 0.052734375 0.05859375
0 0.244140625 0.3916015625 0.0361328125 0.05078125
0 0.1875 0.412109375 0.03515625 0.052734375
0 0.103515625 0.41015625 0.02734375 0.0380859375
0 0.013671875 0.4228515625 0.02734375 0.044921875
1 0.0244140625 0.568359375 0.048828125 0.181640625
1 0.10546875 0.5390625 0.0576171875 0.1328125
1 0.189453125 0.5849609375 0.08984375 0.2109375
1 0.31640625 0.568359375 0.0869140625 0.208984375
1 0.2451171875 0.498046875 0.056640625 0.11328125
1 0.431640625 0.5498046875 0.103515625 0.21484375
1 0.6162109375 0.72265625 0.263671875 0.4697265625
1 0.828125 0.6728515625 0.2744140625 0.4287109375