0 0.4189453125 0.3583984375 0.056640625 0.11328125
0 0.19921875 0.3427734375 0.0712890625 0.10546875
0 0.1611328125 0.37109375 0.048828125 0.10546875
0 0.5771484375 0.37890625 0.0458984375 0.0625
0 0.6845703125 0.390625 0.0390625 0.06640625
0 0.755859375 0.3935546875 0.03515625 0.064453125
0 0.818359375 0.400390625 0.0595703125 0.072265625
0 0.892578125 0.4111328125 0.0322265625 0.0517578125
0 0.9853515625 0.4208984375 0.029296875 0.044921875
1 0.978515625 0.5634765625 0.04296875 0.1787109375
1 0.8046875 0.5791015625 0.08203125 0.2001953125
1 0.888671875 0.5419921875 0.0654296875 0.146484375
1 0.681640625 0.5732421875 0.0888671875 0.2197265625
1 0.5712890625 0.5556640625 0.09375 0.2119140625
1 0.3828125 0.705078125 0.2548828125 0.44921875
1 0.1611328125 0.673828125 0.2490234375 0.4267578125