0 0.1181640625 0.37890625 0.076171875 0.13671875
0 0.7998046875 0.4140625 0.1064453125 0.2109375
0 0.6708984375 0.392578125 0.05078125 0.0771484375
0 0.62890625 0.3837890625 0.0283203125 0.0693359375
0 0.599609375 0.390625 0.0263671875 0.06640625
0 0.3388671875 0.4306640625 0.04296875 0.09375
0 0.38671875 0.388671875 0.033203125 0.0732421875
0 0.4599609375 0.3779296875 0.0205078125 0.0361328125
1 0.162109375 0.7607421875 0.30078125 0.478515625
1 0.8564453125 0.8330078125 0.2783203125 0.3330078125
1 0.68359375 0.63671875 0.08203125 0.26171875
1 0.3193359375 0.6474609375 0.1513671875 0.318359375