0 0.126953125 0.322265625 0.0625 0.08984375
0 0.75 0.140625 0.0810546875 0.103515625
0 0.7646484375 0.3359375 0.0634765625 0.0927734375
0 0.765625 0.484375 0.0625 0.0947265625
0 0.9013671875 0.6640625 0.0810546875 0.1064453125
0 0.6201171875 0.58984375 0.06640625 0.08984375
0 0.3447265625 0.611328125 0.1064453125 0.125
0 0.138671875 0.513671875 0.0791015625 0.1044921875
1 0.6025390625 0.25390625 0.09765625 0.251953125
0 0.576171875 0.03515625 0.0556640625 0.0703125
1 0.353515625 0.892578125 0.2001953125 0.2138671875
1 0.14453125 0.8017578125 0.15234375 0.3564453125
1 0.5849609375 0.8466796875 0.15234375 0.2900390625
1 0.7626953125 0.7724609375 0.119140625 0.3740234375
1 0.904296875 0.88671875 0.15234375 0.2255859375