0 0.53515625 0.4267578125 0.03125 0.0419921875
0 0.755859375 0.3779296875 0.04296875 0.0576171875
0 0.6943359375 0.2939453125 0.048828125 0.0458984375
0 0.7744140625 0.1923828125 0.0283203125 0.037109375
0 0.8564453125 0.1064453125 0.0322265625 0.0458984375
0 0.8916015625 0.2509765625 0.033203125 0.04296875
0 0.45703125 0.5625 0.044921875 0.0517578125
0 0.396484375 0.53125 0.0322265625 0.04296875
0 0.1005859375 0.6015625 0.041015625 0.0537109375
0 0.1572265625 0.6845703125 0.041015625 0.0498046875
1 0.169921875 0.8310546875 0.103515625 0.1689453125
1 0.09765625 0.7275390625 0.0732421875 0.1318359375
1 0.3935546875 0.6240234375 0.0654296875 0.115234375
1 0.4658203125 0.6787109375 0.0908203125 0.1728515625
1 0.53515625 0.5185546875 0.0556640625 0.1162109375
1 0.75390625 0.470703125 0.060546875 0.107421875
1 0.6875 0.3818359375 0.056640625 0.103515625
1 0.89453125 0.3369140625 0.0673828125 0.1123046875
1 0.76953125 0.2666015625 0.0576171875 0.0859375
1 0.85546875 0.189453125 0.0439453125 0.080078125