1 0.216796875 0.373046875 0.2265625 0.3828125 0.23828125 0.38671875 0.25390625 0.400390625 0.248046875 0.40625 0.244140625 0.419921875 0.240234375 0.421875 0.23828125 0.427734375 0.220703125 0.427734375 0.21484375 0.419921875 0.20703125 0.416015625 0.203125 0.416015625 0.19921875 0.419921875 0.189453125 0.419921875 0.185546875 0.423828125 0.185546875 0.4609375 0.193359375 0.466796875 0.193359375 0.47265625 0.197265625 0.4765625 0.20703125 0.478515625 0.212890625 0.484375 0.216796875 0.484375 0.21875 0.498046875 0.216796875 0.5 0.216796875 0.509765625 0.212890625 0.513671875 0.203125 0.515625 0.193359375 0.509765625 0.189453125 0.509765625 0.185546875 0.515625 0.1875 0.525390625 0.193359375 0.52734375 0.19921875 0.53515625 0.19921875 0.544921875 0.1953125 0.556640625 0.185546875 0.568359375 0.185546875 0.603515625 0.18359375 0.60546875 0.185546875 0.609375 0.18359375 0.611328125 0.185546875 0.62109375 0.181640625 0.626953125 0.185546875 0.6328125 0.18359375 0.63671875 0.1875 0.640625 0.197265625 0.642578125 0.201171875 0.6484375 0.201171875 0.654296875 0.197265625 0.654296875 0.193359375 0.658203125 0.193359375 0.662109375 0.18359375 0.66796875 0.185546875 0.669921875 0.185546875 0.736328125 0.18359375 0.73828125 0.18359375 0.763671875 0.181640625 0.765625 0.18359375 0.767578125 0.18359375 0.78125 0.1875 0.787109375 0.19140625 0.787109375 0.1953125 0.78125 0.19921875 0.78125 0.203125 0.77734375 0.203125 0.771484375 0.208984375 0.759765625 0.2109375 0.734375 0.21875 0.716796875 0.216796875 0.685546875 0.224609375 0.6796875 0.2265625 0.68359375 0.2265625 0.6953125 0.22265625 0.69921875 0.224609375 0.703125 0.216796875 0.7265625 0.216796875 0.740234375 0.212890625 0.75 0.212890625 0.759765625 0.208984375 0.767578125 0.208984375 0.779296875 0.201171875 0.794921875 0.189453125 0.806640625 0.203125 0.8203125 0.203125 0.830078125 0.19921875 0.8359375 0.19921875 0.841796875 0.193359375 0.853515625 0.185546875 0.861328125 0.185546875 0.865234375 0.16015625 0.890625 0.154296875 0.908203125 0.154296875 0.951171875 0.146484375 0.958984375 0.134765625 0.95703125 0.130859375 0.94921875 0.119140625 0.94921875 0.1171875 0.947265625 0.1171875 0.935546875 0.115234375 0.93359375 0.1171875 0.900390625 0.11328125 0.890625 0.109375 0.888671875 0.109375 0.873046875 0.107421875 0.87109375 0.095703125 0.873046875 0.091796875 0.8671875 0.078125 0.865234375 0.076171875 0.859375 0.076171875 0.85546875 0.08203125 0.85546875 0.095703125 0.83984375 0.09375 0.822265625 0.08984375 0.818359375 0.08984375 0.810546875 0.09375 0.8046875 0.09375 0.80078125 0.078125 0.79296875 0.078125 0.7890625 0.06640625 0.771484375 0.064453125 0.73046875 0.068359375 0.734375 0.068359375 0.7578125 0.07421875 0.771484375 0.083984375 0.78125 0.08984375 0.78125 0.09375 0.77734375 0.09375 0.732421875 0.091796875 0.73046875 0.09375 0.724609375 0.09375 0.71484375 0.091796875 0.712890625 0.09375 0.671875 0.091796875 0.669921875 0.08984375 0.654296875 0.0859375 0.646484375 0.0859375 0.638671875 0.091796875 0.62890625 0.091796875 0.599609375 0.095703125 0.587890625 0.095703125 0.57421875 0.1015625 0.57421875 0.10546875 0.5703125 0.1015625 0.556640625 0.09765625 0.55078125 0.099609375 0.517578125 0.095703125 0.513671875 0.087890625 0.513671875 0.095703125 0.5078125 0.09765625 0.5 0.095703125 0.498046875 0.087890625 0.498046875 0.087890625 0.4921875 0.099609375 0.490234375 0.103515625 0.482421875 0.103515625 0.4765625 0.1015625 0.474609375 0.1015625 0.453125 0.10546875 0.44921875 0.111328125 0.4296875 0.115234375 0.423828125 0.1171875 0.38671875 0.12109375 0.3828125 0.134765625 0.37890625 0.138671875 0.380859375 0.154296875 0.380859375 0.15625 0.3828125 0.17578125 0.3828125 0.1796875 0.388671875 0.181640625 0.41015625 0.185546875 0.41796875 0.19140625 0.40625 0.19140625 0.39453125 0.189453125 0.392578125 0.185546875 0.39453125 0.1875 0.3828125 0.201171875 0.373046875 0.20703125 0.37109375 0.212890625 0.37109375 0.21484375 0.373046875
2 0.73046875 0.1826171875 0.08984375 0.16796875
2 0.16796875 0.1796875 0.125 0.1611328125
2 0.1220703125 0.224609375 0.1123046875 0.1220703125
2 0.83984375 0.1533203125 0.1103515625 0.1787109375
2 0.6923828125 0.1025390625 0.1357421875 0.1328125
2 0.4921875 0.1533203125 0.11328125 0.146484375
2 0.5830078125 0.1181640625 0.0546875 0.1083984375
1 0.712890625 0.6826171875 0.23828125 0.634765625
1 0.4755859375 0.4990234375 0.1904296875 0.3798828125
1 0.8525390625 0.607421875 0.25 0.5625