1 0.6298828125 0.5107421875 0.1591796875 0.244140625
2 0.7255859375 0.44140625 0.0732421875 0.1259765625
2 0.8896484375 0.1748046875 0.056640625 0.0849609375
2 0.9345703125 0.1416015625 0.0595703125 0.0751953125
2 0.822265625 0.09765625 0.046875 0.064453125
2 0.482421875 0.1728515625 0.0458984375 0.0966796875
2 0.1572265625 0.220703125 0.0576171875 0.0771484375
0 0.0791015625 0.2255859375 0.078125 0.1357421875
0 0.4140625 0.19140625 0.0712890625 0.107421875
2 0.5859375 0.33203125 0.1015625 0.1181640625
1 0.099609375 0.525390625 0.19921875 0.33203125
1 0.3447265625 0.55078125 0.193359375 0.3818359375
1 0.4375 0.7236328125 0.1484375 0.474609375
1 0.869140625 0.46875 0.1513671875 0.3681640625
1 0.751953125 0.3203125 0.087890625 0.2021484375
1 0.599609375 0.9228515625 0.4111328125 0.154296875