1 0.279296875 0.6767578125 0.50390625 0.4814453125
1 0.8583984375 0.44140625 0.1015625 0.21875
1 0.943359375 0.341796875 0.05078125 0.1376953125
1 0.787109375 0.3642578125 0.064453125 0.173828125
1 0.4873046875 0.3896484375 0.11328125 0.1435546875
0 0.3583984375 0.2333984375 0.083984375 0.1259765625
0 0.228515625 0.2470703125 0.04296875 0.0634765625
0 0.4912109375 0.2421875 0.02734375 0.0498046875
0 0.8701171875 0.251953125 0.0419921875 0.076171875
0 0.802734375 0.2294921875 0.0263671875 0.04296875
2 0.6416015625 0.1455078125 0.064453125 0.1279296875