1 0.2109375 0.5634765625 0.1015625 0.0859375
1 0.8466796875 0.6884765625 0.126953125 0.1025390625
1 0.68359375 0.580078125 0.09765625 0.0634765625
0 0.220703125 0.5048828125 0.02734375 0.0302734375
0 0.2578125 0.4775390625 0.033203125 0.021484375
0 0.56640625 0.5234375 0.02734375 0.0322265625
0 0.689453125 0.521484375 0.03125 0.029296875
0 0.853515625 0.6123046875 0.0341796875 0.033203125
1 0.2822265625 0.53515625 0.0478515625 0.0625
0 0.46875 0.53125 0.037109375 0.0283203125
0 0.412109375 0.5478515625 0.04296875 0.0361328125