0 0.01171875 0.505859375 0.0234375 0.02734375
0 0.31640625 0.509765625 0.0322265625 0.033203125
0 0.50390625 0.5009765625 0.02734375 0.0341796875
0 0.416015625 0.46484375 0.0361328125 0.029296875
0 0.66796875 0.517578125 0.0400390625 0.025390625
0 0.7802734375 0.552734375 0.03515625 0.0283203125
0 0.908203125 0.5869140625 0.0419921875 0.03515625
0 0.85546875 0.703125 0.048828125 0.0419921875
1 0.7763671875 0.6162109375 0.080078125 0.068359375
1 0.90625 0.658203125 0.0869140625 0.0810546875
1 0.6865234375 0.5771484375 0.09765625 0.0576171875
1 0.4228515625 0.515625 0.0615234375 0.0439453125
1 0.3173828125 0.560546875 0.0625 0.0625
1 0.017578125 0.5537109375 0.03515625 0.060546875