1 0.3798828125 0.6494140625 0.08984375 0.0869140625
1 0.46875 0.6630859375 0.056640625 0.076171875
1 0.7216796875 0.5673828125 0.078125 0.044921875
1 0.84375 0.5908203125 0.0859375 0.0703125
1 0.9453125 0.5224609375 0.0703125 0.05859375
0 0.1318359375 0.7890625 0.05859375 0.0458984375
0 0.3798828125 0.576171875 0.02734375 0.037109375
0 0.482421875 0.5986328125 0.05859375 0.0302734375
0 0.7158203125 0.5224609375 0.0322265625 0.0244140625
0 0.84765625 0.5283203125 0.03515625 0.029296875
0 0.9521484375 0.47265625 0.0361328125 0.0224609375