0 0.6171875 0.595703125 0.623046875 0.59765625 0.62890625 0.60546875 0.625 0.626953125 0.623046875 0.62890625 0.62109375 0.626953125 0.615234375 0.626953125 0.61328125 0.62890625 0.611328125 0.626953125 0.611328125 0.61328125 0.609375 0.609375 0.611328125 0.607421875 0.611328125 0.6015625 0.6171875 0.59765625
0 0.625 0.5859375 0.634765625 0.5859375 0.638671875 0.59375 0.63671875 0.6015625 0.625 0.599609375 0.623046875 0.595703125 0.623046875 0.58984375 0.625 0.587890625
0 0.9794921875 0.6171875 0.0185546875 0.037109375
0 0.62109375 0.595703125 0.626953125 0.607421875 0.625 0.611328125 0.6171875 0.611328125 0.61328125 0.615234375 0.611328125 0.615234375 0.609375 0.607421875 0.611328125 0.6015625 0.619140625 0.595703125
0 0.73046875 0.599609375 0.734375 0.60546875 0.734375 0.62109375 0.732421875 0.626953125 0.7265625 0.62890625 0.724609375 0.611328125 0.72265625 0.609375 0.724609375 0.607421875 0.724609375 0.6015625 0.728515625 0.599609375
1 0.919921875 0.6328125 0.921875 0.63671875 0.921875 0.6484375 0.919921875 0.65234375 0.9140625 0.650390625 0.9140625 0.634765625 0.91796875 0.6328125
1 0.59375 0.671875 0.609375 0.662109375 0.615234375 0.662109375 0.625 0.66796875 0.630859375 0.66796875 0.630859375 0.669921875 0.625 0.671875 0.623046875 0.677734375 0.623046875 0.6875 0.626953125 0.693359375 0.62890625 0.755859375 0.630859375 0.7578125 0.623046875 0.78125 0.619140625 0.78125 0.61328125 0.77734375 0.609375 0.787109375 0.60546875 0.78515625 0.60546875 0.779296875 0.599609375 0.76171875 0.59765625 0.6953125 0.6015625 0.681640625 0.59375 0.677734375 0.59375 0.673828125
1 0.748046875 0.640625 0.751953125 0.642578125 0.751953125 0.65234375 0.75390625 0.654296875 0.75390625 0.66796875 0.75 0.673828125 0.74609375 0.671875 0.740234375 0.654296875 0.7421875 0.642578125 0.74609375 0.640625
1 0.9765625 0.67578125 0.982421875 0.67578125 0.984375 0.673828125 0.990234375 0.673828125 0.9921875 0.67578125 0.990234375 0.697265625 0.994140625 0.701171875 0.994140625 0.70703125 0.984375 0.71484375 0.98046875 0.724609375 0.98046875 0.7421875 0.982421875 0.744140625 0.984375 0.76953125 0.978515625 0.7734375 0.9765625 0.783203125 0.974609375 0.78515625 0.970703125 0.783203125 0.966796875 0.76953125 0.966796875 0.75390625 0.96875 0.751953125 0.96875 0.734375 0.974609375 0.720703125 0.9765625 0.69140625 0.96875 0.681640625 0.9765625 0.677734375
1 0.896484375 0.634765625 0.900390625 0.640625 0.8984375 0.654296875 0.896484375 0.65625 0.890625 0.650390625 0.890625 0.638671875 0.89453125 0.63671875
1 0.724609375 0.75 0.71875 0.736328125 0.71875 0.7265625 0.716796875 0.724609375 0.716796875 0.697265625 0.71484375 0.6953125 0.716796875 0.69140625 0.716796875 0.673828125 0.71875 0.671875 0.716796875 0.669921875 0.716796875 0.65625 0.71875 0.654296875 0.736328125 0.654296875 0.73828125 0.66015625 0.736328125 0.69921875 0.740234375 0.70703125 0.740234375 0.732421875 0.732421875 0.740234375 0.732421875 0.74609375 0.7265625 0.748046875
1 0.7578125 0.642578125 0.767578125 0.642578125 0.771484375 0.6484375 0.76953125 0.671875 0.767578125 0.677734375 0.76171875 0.681640625 0.7578125 0.67578125 0.7578125 0.64453125