1 0.1474609375 0.6884765625 0.1005859375 0.091796875
1 0.7802734375 0.5703125 0.06640625 0.0615234375
1 0.72265625 0.537109375 0.0576171875 0.07421875
1 0.3056640625 0.5771484375 0.076171875 0.0634765625
0 0.1494140625 0.609375 0.052734375 0.0302734375
0 0.435546875 0.517578125 0.0341796875 0.03125
0 0.5283203125 0.53125 0.029296875 0.0380859375
0 0.583984375 0.5537109375 0.033203125 0.0302734375
0 0.78125 0.505859375 0.0302734375 0.029296875
0 0.736328125 0.47265625 0.04296875 0.0283203125
0 0.3134765625 0.5205078125 0.02734375 0.0341796875