0 0.71875 0.66796875 0.0546875 0.044921875
0 0.525390625 0.6962890625 0.0400390625 0.0419921875
0 0.5537109375 0.5419921875 0.037109375 0.03515625
0 0.6044921875 0.52734375 0.02734375 0.0263671875
0 0.4443359375 0.55078125 0.03125 0.03125
0 0.390625 0.5107421875 0.0322265625 0.0283203125
0 0.2978515625 0.484375 0.0224609375 0.0283203125
0 0.2744140625 0.4453125 0.02734375 0.0263671875
0 0.15625 0.427734375 0.02734375 0.01953125
1 0.5126953125 0.80078125 0.14453125 0.12109375
1 0.70703125 0.7548828125 0.1298828125 0.1171875
1 0.4931640625 0.673828125 0.107421875 0.0810546875
1 0.439453125 0.6015625 0.083984375 0.068359375
0 0.494140625 0.60546875 0.0361328125 0.0400390625
1 0.3828125 0.5654296875 0.08203125 0.0673828125
1 0.291015625 0.5302734375 0.0859375 0.068359375
1 0.2734375 0.474609375 0.0537109375 0.04296875
1 0.1494140625 0.458984375 0.0595703125 0.052734375
1 0.0859375 0.4404296875 0.0498046875 0.0361328125
0 0.08984375 0.4091796875 0.0244140625 0.02734375