0 0.287109375 0.435546875 0.291015625 0.4375 0.291015625 0.4453125 0.279296875 0.44921875 0.2734375 0.447265625 0.271484375 0.4375 0.27734375 0.43359375 0.283203125 0.43359375 0.28515625 0.435546875
0 0.029296875 0.625 0.03125 0.626953125 0.037109375 0.626953125 0.044921875 0.6328125 0.04296875 0.646484375 0.015625 0.646484375 0.013671875 0.6484375 0.00390625 0.646484375 0 0.642578125 0 0.634765625 0.01171875 0.626953125 0.02734375 0.625
1 0.48046875 0.279296875 0.484375 0.283203125 0.484375 0.294921875 0.482421875 0.30078125 0.478515625 0.302734375 0.474609375 0.302734375 0.46875 0.298828125 0.46875 0.291015625 0.466796875 0.2890625 0.470703125 0.279296875 0.474609375 0.27734375 0.478515625 0.279296875
1 0.04296875 0.29296875 0.048828125 0.296875 0.048828125 0.302734375 0.044921875 0.310546875 0.03515625 0.310546875 0.03125 0.306640625 0.03125 0.294921875 0.033203125 0.29296875 0.037109375 0.294921875 0.041015625 0.29296875
1 0.244140625 0.4609375 0.251953125 0.4609375 0.2578125 0.466796875 0.259765625 0.46484375 0.29296875 0.46484375 0.302734375 0.4609375 0.302734375 0.466796875 0.296875 0.470703125 0.294921875 0.4765625 0.294921875 0.486328125 0.296875 0.48828125 0.294921875 0.50390625 0.28515625 0.509765625 0.28125 0.509765625 0.271484375 0.521484375 0.265625 0.51953125 0.265625 0.513671875 0.2578125 0.50390625 0.2578125 0.490234375 0.255859375 0.48828125 0.2578125 0.474609375 0.25390625 0.470703125 0.25 0.470703125 0.25 0.46484375 0.24609375 0.4609375
1 0.927734375 0.431640625 0.935546875 0.435546875 0.953125 0.4375 0.95703125 0.44140625 0.9765625 0.44140625 0.98046875 0.4453125 0.994140625 0.4453125 0.998046875 0.44921875 0.998046875 0.466796875 0.96875 0.466796875 0.96875 0.462890625 0.96484375 0.458984375 0.9609375 0.458984375 0.951171875 0.46875 0.947265625 0.466796875 0.921875 0.46875 0.919921875 0.466796875 0.9140625 0.466796875 0.90234375 0.45703125 0.90234375 0.453125 0.91015625 0.439453125 0.916015625 0.43359375 0.92578125 0.431640625
1 0.9609375 0.44140625 0.9609375 0.435546875 0.96875 0.431640625 0.974609375 0.431640625 0.982421875 0.435546875 0.998046875 0.435546875 0.998046875 0.447265625 0.982421875 0.447265625 0.978515625 0.443359375 0.966796875 0.443359375 0.962890625 0.44140625
1 0 0.69140625 0.01953125 0.689453125 0.025390625 0.68359375 0.03125 0.681640625 0.05078125 0.68359375 0.05078125 0.6875 0.046875 0.69140625 0.046875 0.69921875 0.041015625 0.705078125 0.041015625 0.73046875 0.044921875 0.736328125 0.041015625 0.75 0.01171875 0.78125 0.01171875 0.78515625 0.005859375 0.794921875 0 0.798828125 0 0.693359375
1 0.068359375 0.330078125 0.0341796875 0.037109375
1 0.626953125 0.302734375 0.6328125 0.30859375 0.6328125 0.31640625 0.619140625 0.3203125 0.609375 0.318359375 0.609375 0.306640625 0.6171875 0.30078125 0.623046875 0.30078125 0.625 0.302734375
1 0.08984375 0.2890625 0.1015625 0.296875 0.1015625 0.302734375 0.09375 0.30859375 0.0859375 0.30859375 0.080078125 0.302734375 0.080078125 0.294921875 0.087890625 0.2890625
1 0.400390625 0.244140625 0.40625 0.25 0.40625 0.255859375 0.40234375 0.259765625 0.3984375 0.259765625 0.390625 0.25390625 0.390625 0.25 0.3984375 0.244140625
1 0.2109375 0.2890625 0.232421875 0.2890625 0.232421875 0.302734375 0.224609375 0.30859375 0.21875 0.30859375 0.2109375 0.302734375 0.2109375 0.296875 0.208984375 0.294921875 0.2109375 0.291015625