0 0.54296875 0.4658203125 0.03125 0.0263671875
0 0.60546875 0.4208984375 0.01953125 0.025390625
0 0.724609375 0.447265625 0.01953125 0.01953125
0 0.8125 0.4033203125 0.0244140625 0.021484375
0 0.92578125 0.365234375 0.021484375 0.01953125
0 0.4921875 0.7431640625 0.060546875 0.0517578125
0 0.3515625 0.53125 0.025390625 0.025390625
0 0.2587890625 0.5771484375 0.03515625 0.021484375
1 0.3359375 0.583984375 0.0595703125 0.0703125
1 0.48046875 0.845703125 0.1416015625 0.1123046875
1 0.546875 0.525390625 0.0634765625 0.064453125
1 0.609375 0.462890625 0.044921875 0.0478515625
1 0.8056640625 0.439453125 0.052734375 0.0458984375