1 0.515625 0.8603515625 0.130859375 0.1162109375
1 0.646484375 0.5830078125 0.091796875 0.072265625
1 0.453125 0.5234375 0.06640625 0.0615234375
1 0.38671875 0.4658203125 0.046875 0.05078125
1 0.2841796875 0.4951171875 0.0400390625 0.052734375
1 0.19140625 0.4375 0.06640625 0.044921875
0 0.1845703125 0.3994140625 0.029296875 0.0244140625
0 0.3916015625 0.4228515625 0.0224609375 0.02734375
0 0.2744140625 0.4423828125 0.03515625 0.0302734375
0 0.4521484375 0.4658203125 0.0185546875 0.0224609375
0 0.6435546875 0.5302734375 0.041015625 0.029296875
0 0.7451171875 0.58203125 0.0390625 0.0322265625
0 0.51171875 0.73828125 0.05078125 0.03515625