0 0.6484375 0.578125 0.67578125 0.578125 0.677734375 0.580078125 0.677734375 0.591796875 0.66796875 0.59765625 0.6640625 0.595703125 0.658203125 0.59765625 0.6484375 0.59375 0.646484375 0.591796875 0.646484375 0.58203125 0.6484375 0.580078125
0 0.55078125 0.3359375 0.556640625 0.337890625 0.55859375 0.341796875 0.552734375 0.345703125 0.544921875 0.345703125 0.541015625 0.341796875 0.54296875 0.337890625 0.548828125 0.337890625
0 0.94921875 0.404296875 0.955078125 0.408203125 0.953125 0.412109375 0.9375 0.412109375 0.9375 0.40625 0.947265625 0.404296875
0 0.5830078125 0.443359375 0.021484375 0.0126953125
1 0.537109375 0.35546875 0.5390625 0.357421875 0.556640625 0.359375 0.55859375 0.36328125 0.552734375 0.37890625 0.537109375 0.384765625 0.53125 0.380859375 0.53125 0.375 0.52734375 0.369140625 0.52734375 0.359375 0.53515625 0.35546875
1 0.91796875 0.43359375 0.919921875 0.435546875 0.9375 0.43359375 0.939453125 0.435546875 0.94921875 0.435546875 0.96875 0.44140625 0.9765625 0.44140625 0.982421875 0.4453125 0.998046875 0.4453125 0.998046875 0.46484375 0.96875 0.46484375 0.96484375 0.458984375 0.95703125 0.458984375 0.951171875 0.466796875 0.947265625 0.46484375 0.94140625 0.46484375 0.939453125 0.466796875 0.916015625 0.466796875 0.90625 0.458984375 0.90234375 0.453125 0.90234375 0.44921875 0.908203125 0.439453125 0.916015625 0.43359375
1 0.126953125 0.2578125 0.130859375 0.26171875 0.130859375 0.2734375 0.12109375 0.2734375 0.119140625 0.275390625 0.115234375 0.271484375 0.11328125 0.263671875 0.119140625 0.251953125 0.125 0.2578125
1 0.109375 0.2890625 0.115234375 0.2890625 0.119140625 0.28515625 0.13671875 0.283203125 0.13671875 0.296875 0.12890625 0.302734375 0.10546875 0.302734375 0.103515625 0.296875 0.109375 0.291015625
1 0.9609375 0.431640625 0.966796875 0.431640625 0.96875 0.4296875 0.974609375 0.4296875 0.9765625 0.431640625 0.998046875 0.431640625 0.998046875 0.443359375 0.9765625 0.443359375 0.96875 0.439453125 0.962890625 0.439453125 0.958984375 0.435546875 0.9609375 0.43359375
1 0.5546875 0.462890625 0.560546875 0.466796875 0.599609375 0.466796875 0.603515625 0.462890625 0.607421875 0.462890625 0.607421875 0.466796875 0.599609375 0.47265625 0.599609375 0.48828125 0.591796875 0.501953125 0.591796875 0.505859375 0.58203125 0.51953125 0.578125 0.51953125 0.556640625 0.498046875 0.556640625 0.48828125 0.560546875 0.4921875 0.5625 0.490234375 0.564453125 0.474609375 0.5546875 0.46484375
1 0.623046875 0.298828125 0.630859375 0.3046875 0.630859375 0.31640625 0.625 0.318359375 0.611328125 0.318359375 0.609375 0.31640625 0.609375 0.3046875 0.6171875 0.296875 0.62109375 0.298828125
1 0.61328125 0.6328125 0.6171875 0.630859375 0.677734375 0.630859375 0.6796875 0.6328125 0.693359375 0.6328125 0.689453125 0.634765625 0.689453125 0.64453125 0.69140625 0.646484375 0.69140625 0.671875 0.689453125 0.677734375 0.685546875 0.685546875 0.6796875 0.6875 0.673828125 0.6953125 0.669921875 0.71484375 0.662109375 0.720703125 0.654296875 0.71484375 0.654296875 0.7109375 0.6484375 0.701171875 0.6484375 0.6953125 0.646484375 0.693359375 0.640625 0.693359375 0.6328125 0.689453125 0.630859375 0.685546875 0.625 0.68359375 0.625 0.6796875 0.6171875 0.66796875 0.6171875 0.638671875 0.615234375 0.634765625