1 0.48828125 0.5693359375 0.060546875 0.0625
1 0.3056640625 0.703125 0.111328125 0.07421875
1 0.19140625 0.69921875 0.080078125 0.078125
1 0.6259765625 0.556640625 0.060546875 0.0673828125
1 0.6943359375 0.5654296875 0.0556640625 0.0615234375
1 0.9296875 0.4619140625 0.0458984375 0.0498046875
0 0.7021484375 0.5107421875 0.0361328125 0.02734375
0 0.62890625 0.501953125 0.029296875 0.0283203125
0 0.4912109375 0.5126953125 0.037109375 0.029296875
0 0.318359375 0.6337890625 0.046875 0.03515625
0 0.2080078125 0.6220703125 0.0556640625 0.0458984375