0 0.630859375 0.6123046875 0.037109375 0.0283203125
0 0.287109375 0.302734375 0.2890625 0.306640625 0.287109375 0.310546875 0.279296875 0.310546875 0.275390625 0.306640625 0.279296875 0.302734375 0.28515625 0.302734375
0 0.171875 0.46875 0.177734375 0.47265625 0.177734375 0.486328125 0.17578125 0.48828125 0.1640625 0.48828125 0.15625 0.478515625 0.1640625 0.46875 0.169921875 0.46875
0 0.095703125 0.34375 0.099609375 0.34765625 0.099609375 0.35546875 0.095703125 0.357421875 0.0859375 0.35546875 0.0859375 0.345703125 0.087890625 0.34375 0.09375 0.34375
1 0.677734375 0.6484375 0.689453125 0.650390625 0.6953125 0.654296875 0.693359375 0.65625 0.685546875 0.65625 0.6796875 0.662109375 0.68359375 0.66796875 0.68359375 0.689453125 0.677734375 0.697265625 0.6796875 0.732421875 0.677734375 0.73828125 0.666015625 0.74609375 0.65234375 0.740234375 0.642578125 0.728515625 0.626953125 0.72265625 0.62109375 0.716796875 0.599609375 0.716796875 0.59375 0.71484375 0.5859375 0.708984375 0.5859375 0.705078125 0.576171875 0.69140625 0.576171875 0.6875 0.583984375 0.677734375 0.58203125 0.66796875 0.587890625 0.662109375 0.58984375 0.65625 0.59375 0.66015625 0.599609375 0.673828125 0.599609375 0.6796875 0.59765625 0.681640625 0.599609375 0.6875 0.595703125 0.693359375 0.6015625 0.701171875 0.607421875 0.69921875 0.61328125 0.693359375 0.6171875 0.685546875 0.6171875 0.6796875 0.623046875 0.673828125 0.62890625 0.66015625 0.6484375 0.654296875 0.673828125 0.654296875 0.677734375 0.650390625
1 0 0.390625 0.00390625 0.392578125 0.001953125 0.400390625 0.005859375 0.40625 0.009765625 0.41015625 0.017578125 0.412109375 0.013671875 0.416015625 0.013671875 0.419921875 0.009765625 0.421875 0.009765625 0.43359375 0.0078125 0.435546875 0.0078125 0.443359375 0.009765625 0.4453125 0 0.451171875 0 0.392578125
1 0.28125 0.306640625 0.29296875 0.3203125 0.29296875 0.328125 0.291015625 0.330078125 0.29296875 0.337890625 0.291015625 0.341796875 0.2734375 0.341796875 0.271484375 0.3359375 0.265625 0.330078125 0.265625 0.322265625 0.26171875 0.318359375 0.251953125 0.318359375 0.25 0.31640625 0.255859375 0.310546875 0.265625 0.310546875 0.267578125 0.30859375 0.271484375 0.310546875 0.279296875 0.306640625
1 0.1796875 0.509765625 0.181640625 0.51171875 0.185546875 0.509765625 0.193359375 0.513671875 0.203125 0.5078125 0.208984375 0.5078125 0.20703125 0.513671875 0.1953125 0.513671875 0.189453125 0.51953125 0.189453125 0.525390625 0.193359375 0.52734375 0.193359375 0.53515625 0.189453125 0.5390625 0.189453125 0.556640625 0.1875 0.560546875 0.173828125 0.560546875 0.169921875 0.556640625 0.15625 0.560546875 0.14453125 0.548828125 0.14453125 0.53515625 0.1484375 0.529296875 0.150390625 0.515625 0.166015625 0.509765625 0.177734375 0.51171875
1 0.2421875 0.330078125 0.0625 0.0283203125
1 0.111328125 0.361328125 0.1171875 0.36328125 0.111328125 0.3671875 0.107421875 0.396484375 0.1015625 0.40234375 0.0859375 0.3984375 0.078125 0.392578125 0.076171875 0.388671875 0.078125 0.365234375 0.083984375 0.365234375 0.0859375 0.3671875 0.087890625 0.365234375 0.103515625 0.365234375 0.109375 0.361328125
1 0.349609375 0.314453125 0.365234375 0.3203125 0.373046875 0.328125 0.37890625 0.337890625 0.376953125 0.341796875 0.37109375 0.34375 0.361328125 0.34375 0.359375 0.341796875 0.296875 0.341796875 0.294921875 0.33984375 0.29296875 0.330078125 0.298828125 0.3203125 0.30859375 0.3203125 0.31640625 0.31640625 0.328125 0.31640625 0.3359375 0.3125 0.34765625 0.314453125
1 0.3515625 0.306640625 0.35546875 0.3046875 0.369140625 0.3046875 0.3828125 0.3125 0.380859375 0.337890625 0.37890625 0.337890625 0.365234375 0.318359375 0.34765625 0.31640625 0.345703125 0.314453125 0.3515625 0.30859375