0 0.55859375 0.326171875 0.560546875 0.328125 0.560546875 0.333984375 0.55078125 0.333984375 0.548828125 0.33203125 0.55078125 0.328125 0.556640625 0.326171875
0 0.53125 0.44921875 0.537109375 0.45703125 0.529296875 0.46484375 0.51953125 0.46484375 0.513671875 0.45703125 0.515625 0.451171875 0.529296875 0.44921875
0 0.533203125 0.341796875 0.537109375 0.34375 0.53515625 0.349609375 0.5234375 0.349609375 0.5234375 0.34375 0.525390625 0.341796875 0.53125 0.341796875
0 0.56640625 0.73046875 0.583984375 0.736328125 0.583984375 0.751953125 0.576171875 0.759765625 0.5703125 0.759765625 0.560546875 0.75390625 0.537109375 0.755859375 0.533203125 0.744140625 0.541015625 0.734375 0.546875 0.73046875 0.564453125 0.73046875
0 0.9462890625 0.271484375 0.0107421875 0.009765625
0 0.572265625 0.763671875 0.58203125 0.76953125 0.5859375 0.77734375 0.5859375 0.787109375 0.578125 0.794921875 0.54296875 0.794921875 0.53515625 0.787109375 0.53515625 0.779296875 0.5390625 0.7734375 0.5390625 0.76953125 0.55078125 0.765625 0.5546875 0.76171875 0.568359375 0.76171875 0.5703125 0.763671875
1 0.5625 0.3203125 0.58203125 0.318359375 0.5859375 0.3203125 0.587890625 0.326171875 0.587890625 0.3359375 0.57421875 0.349609375 0.5703125 0.345703125 0.5625 0.322265625
1 0.6015625 0.30078125 0.595703125 0.294921875 0.59765625 0.283203125 0.599609375 0.28125 0.609375 0.28125 0.607421875 0.29296875 0.603515625 0.298828125
1 0.8046875 0.25 0.814453125 0.25 0.818359375 0.25390625 0.818359375 0.26171875 0.810546875 0.26953125 0.806640625 0.26953125 0.80078125 0.263671875 0.80078125 0.255859375 0.8046875 0.251953125
1 0.8359375 0.26953125 0.841796875 0.2734375 0.837890625 0.28515625 0.826171875 0.28125 0.826171875 0.271484375 0.828125 0.26953125 0.833984375 0.26953125
1 0.546875 0.34375 0.5625 0.34375 0.568359375 0.3515625 0.568359375 0.36328125 0.56640625 0.3671875 0.560546875 0.373046875 0.5546875 0.373046875 0.548828125 0.3671875 0.546875 0.345703125
1 0.869140625 0.283203125 0.884765625 0.283203125 0.88671875 0.28515625 0.88671875 0.291015625 0.880859375 0.296875 0.87109375 0.294921875 0.869140625 0.29296875 0.869140625 0.28515625
1 0.943359375 0.283203125 0.953125 0.287109375 0.953125 0.296875 0.951171875 0.298828125 0.9375 0.298828125 0.93359375 0.294921875 0.9296875 0.28515625 0.931640625 0.283203125 0.94140625 0.283203125
1 0.5390625 0.38671875 0.552734375 0.390625 0.560546875 0.400390625 0.560546875 0.41796875 0.55078125 0.427734375 0.54296875 0.431640625 0.529296875 0.41796875 0.525390625 0.41015625 0.525390625 0.400390625 0.53125 0.39453125 0.53125 0.390625 0.537109375 0.390625 0.5390625 0.388671875
1 0.55859375 0.46875 0.556640625 0.474609375 0.552734375 0.4765625 0.552734375 0.482421875 0.55078125 0.484375 0.552734375 0.486328125 0.5546875 0.5 0.552734375 0.505859375 0.546875 0.51171875 0.546875 0.521484375 0.54296875 0.525390625 0.5390625 0.525390625 0.53125 0.533203125 0.529296875 0.5390625 0.5234375 0.5390625 0.5234375 0.53515625 0.513671875 0.525390625 0.509765625 0.525390625 0.505859375 0.521484375 0.505859375 0.515625 0.501953125 0.5078125 0.50390625 0.48046875 0.5078125 0.478515625 0.544921875 0.478515625 0.55078125 0.46875 0.556640625 0.46875
1 0.072265625 0.44140625 0.078125 0.4453125 0.078125 0.44921875 0.06640625 0.458984375 0.046875 0.458984375 0.04296875 0.455078125 0.03125 0.458984375 0.021484375 0.447265625 0.017578125 0.451171875 0.017578125 0.45703125 0.013671875 0.458984375 0 0.45703125 0 0.4375 0.01171875 0.4296875 0.015625 0.431640625 0.021484375 0.4296875 0.05859375 0.4296875 0.0703125 0.44140625
1 0.359375 0.314453125 0.357421875 0.310546875 0.357421875 0.296875 0.361328125 0.291015625 0.3671875 0.291015625 0.373046875 0.296875 0.373046875 0.3125 0.361328125 0.314453125
1 0.568359375 0.251953125 0.572265625 0.255859375 0.572265625 0.26171875 0.568359375 0.265625 0.560546875 0.265625 0.55859375 0.263671875 0.560546875 0.25390625 0.56640625 0.251953125
1 0.5625 0.32421875 0.568359375 0.3359375 0.568359375 0.341796875 0.56640625 0.34375 0.55078125 0.341796875 0.544921875 0.345703125 0.541015625 0.341796875 0.541015625 0.3359375 0.55078125 0.328125 0.560546875 0.32421875
1 0.03125 0.3984375 0.03515625 0.396484375 0.04296875 0.3984375 0.05859375 0.412109375 0.064453125 0.4140625 0.07421875 0.42578125 0.076171875 0.435546875 0.08203125 0.4453125 0.076171875 0.44921875 0.076171875 0.4453125 0.0703125 0.443359375 0.0546875 0.427734375 0.03125 0.427734375 0.029296875 0.42578125 0.03125 0.400390625
1 0.541015625 0.359375 0.544921875 0.361328125 0.546875 0.37109375 0.544921875 0.373046875 0.53515625 0.373046875 0.525390625 0.3828125 0.525390625 0.38671875 0.521484375 0.38671875 0.521484375 0.3828125 0.515625 0.375 0.515625 0.365234375 0.525390625 0.359375 0.5390625 0.359375
1 0.646484375 0.841796875 0.650390625 0.841796875 0.64453125 0.845703125 0.623046875 0.8515625 0.6171875 0.857421875 0.6171875 0.865234375 0.607421875 0.873046875 0.607421875 0.880859375 0.61328125 0.89453125 0.615234375 0.931640625 0.607421875 0.939453125 0.607421875 0.943359375 0.59765625 0.94921875 0.591796875 0.94921875 0.587890625 0.953125 0.587890625 0.958984375 0.5859375 0.9609375 0.587890625 0.962890625 0.583984375 0.970703125 0.583984375 0.99609375 0.58203125 0.998046875 0.56640625 0.998046875 0.5625 0.994140625 0.564453125 0.9765625 0.5546875 0.962890625 0.5546875 0.953125 0.546875 0.9453125 0.5390625 0.943359375 0.5390625 0.939453125 0.53125 0.931640625 0.525390625 0.919921875 0.525390625 0.8828125 0.533203125 0.875 0.51953125 0.865234375 0.51953125 0.85546875 0.537109375 0.857421875 0.5390625 0.859375 0.556640625 0.859375 0.564453125 0.865234375 0.5703125 0.859375 0.578125 0.861328125 0.580078125 0.859375 0.607421875 0.857421875 0.6171875 0.849609375 0.619140625 0.84375 0.64453125 0.841796875
1 0.865234375 0.28125 0.869140625 0.2890625 0.8671875 0.294921875 0.84765625 0.294921875 0.845703125 0.29296875 0.845703125 0.2890625 0.8515625 0.279296875 0.861328125 0.279296875 0.86328125 0.28125