1 0.3095703125 0.609375 0.0908203125 0.0625
1 0.4296875 0.6015625 0.0703125 0.0595703125
0 0.30078125 0.54296875 0.0361328125 0.03125
0 0.435546875 0.4970703125 0.03515625 0.0283203125
0 0.4453125 0.5400390625 0.0263671875 0.021484375
0 0.5146484375 0.5009765625 0.021484375 0.0224609375
0 0.46875 0.462890625 0.0234375 0.0302734375
0 0.4990234375 0.5126953125 0.029296875 0.02734375
0 0.470703125 0.533203125 0.0244140625 0.021484375
0 0.8671875 0.408203125 0.021484375 0.017578125
0 0.8408203125 0.421875 0.0224609375 0.0166015625
0 0.7333984375 0.3876953125 0.0107421875 0.015625