1 0.3515625 0.6396484375 0.095703125 0.078125
1 0.42578125 0.60546875 0.0556640625 0.068359375
1 0.4873046875 0.58203125 0.04296875 0.0595703125
1 0.2890625 0.517578125 0.0615234375 0.06640625
1 0.353515625 0.474609375 0.072265625 0.05078125
1 0.2265625 0.4892578125 0.0478515625 0.05859375
1 0.4853515625 0.5048828125 0.04296875 0.041015625
0 0.34765625 0.5634765625 0.0576171875 0.0439453125
0 0.4111328125 0.537109375 0.03515625 0.0390625
0 0.4609375 0.5166015625 0.0224609375 0.0341796875
0 0.484375 0.4599609375 0.0205078125 0.02734375
0 0.7021484375 0.486328125 0.0224609375 0.021484375
0 0.3486328125 0.4345703125 0.037109375 0.029296875
0 0.2919921875 0.466796875 0.0283203125 0.02734375
0 0.2265625 0.44140625 0.021484375 0.02734375