0 0.384765625 0.447265625 0.390625 0.455078125 0.388671875 0.4609375 0.384765625 0.462890625 0.373046875 0.462890625 0.3671875 0.458984375 0.3671875 0.453125 0.37109375 0.447265625 0.375 0.4453125 0.380859375 0.4453125 0.3828125 0.447265625
0 0.5390625 0.322265625 0.55078125 0.32421875 0.552734375 0.328125 0.55078125 0.333984375 0.5390625 0.333984375 0.537109375 0.33203125 0.5390625 0.32421875
0 0.05078125 0.40234375 0.056640625 0.40625 0.05078125 0.412109375 0.041015625 0.412109375 0.0390625 0.41015625 0.04296875 0.404296875 0.048828125 0.40234375
1 0.345703125 0.474609375 0.34765625 0.4765625 0.353515625 0.4765625 0.353515625 0.482421875 0.35546875 0.484375 0.384765625 0.484375 0.388671875 0.48828125 0.392578125 0.498046875 0.392578125 0.505859375 0.396484375 0.51171875 0.396484375 0.51953125 0.3828125 0.53125 0.380859375 0.537109375 0.375 0.537109375 0.3671875 0.52734375 0.3671875 0.5234375 0.359375 0.517578125 0.359375 0.490234375 0.34765625 0.486328125 0.345703125 0.484375 0.34765625 0.482421875 0.34375 0.4765625
1 0 0.294921875 0.017578125 0.294921875 0.025390625 0.298828125 0.025390625 0.310546875 0.021484375 0.31640625 0.00390625 0.318359375 0 0.31640625 0 0.296875
1 0.55078125 0.357421875 0.0263671875 0.0283203125
1 0.087890625 0.435546875 0.087890625 0.439453125 0.091796875 0.44140625 0.091796875 0.4453125 0.095703125 0.44921875 0.095703125 0.45703125 0.083984375 0.466796875 0.046875 0.466796875 0.0390625 0.45703125 0.037109375 0.462890625 0.029296875 0.466796875 0 0.466796875 0 0.4453125 0.015625 0.4453125 0.0234375 0.439453125 0.037109375 0.439453125 0.0390625 0.4375 0.052734375 0.4375 0.0546875 0.435546875 0.076171875 0.435546875 0.078125 0.43359375 0.083984375 0.43359375 0.0859375 0.435546875
1 0.384765625 0.298828125 0.388671875 0.302734375 0.388671875 0.30859375 0.390625 0.310546875 0.388671875 0.318359375 0.37109375 0.318359375 0.3671875 0.314453125 0.3671875 0.3046875 0.376953125 0.298828125 0.3828125 0.298828125
1 0.85546875 0.236328125 0.857421875 0.23828125 0.857421875 0.248046875 0.8515625 0.251953125 0.845703125 0.248046875 0.845703125 0.240234375 0.853515625 0.236328125
1 0.62109375 0.2421875 0.62890625 0.2421875 0.630859375 0.24609375 0.630859375 0.255859375 0.62890625 0.2578125 0.62109375 0.2578125 0.6171875 0.255859375 0.62109375 0.244140625
1 0.716796875 0.216796875 0.71875 0.21875 0.71875 0.224609375 0.716796875 0.2265625 0.7109375 0.2265625 0.7109375 0.21875 0.71484375 0.216796875
1 0.822265625 0.2568359375 0.015625 0.017578125