0 0.71875 0.52734375 0.7265625 0.53125 0.73046875 0.537109375 0.724609375 0.552734375 0.705078125 0.55078125 0.701171875 0.54296875 0.701171875 0.533203125 0.70703125 0.52734375 0.716796875 0.52734375
0 0.056640625 0.279296875 0.05859375 0.2734375 0.068359375 0.2734375 0.068359375 0.279296875 0.064453125 0.28125 0.05859375 0.279296875
0 0.1328125 0.390625 0.146484375 0.388671875 0.15234375 0.392578125 0.15234375 0.396484375 0.146484375 0.3984375 0.13671875 0.3984375 0.1328125 0.396484375 0.1328125 0.392578125
0 0.154296875 0.3720703125 0.0205078125 0.0126953125
0 0.287109375 0.302734375 0.28515625 0.30859375 0.27734375 0.30859375 0.275390625 0.306640625 0.28125 0.30078125 0.28515625 0.302734375
0 0.357421875 0.5390625 0.361328125 0.537109375 0.37890625 0.537109375 0.38671875 0.541015625 0.384765625 0.552734375 0.37109375 0.55859375 0.359375 0.556640625 0.35546875 0.55078125 0.357421875 0.541015625
1 0.36328125 0.318359375 0.37109375 0.32421875 0.376953125 0.3359375 0.375 0.341796875 0.3671875 0.341796875 0.365234375 0.34375 0.361328125 0.341796875 0.310546875 0.341796875 0.3046875 0.33984375 0.30078125 0.333984375 0.296875 0.333984375 0.296875 0.328125 0.294921875 0.326171875 0.294921875 0.3203125 0.302734375 0.3203125 0.3125 0.31640625 0.326171875 0.31640625 0.333984375 0.3125 0.34375 0.3125 0.361328125 0.318359375
1 0 0.318359375 0.01171875 0.3203125 0.01171875 0.34765625 0.009765625 0.349609375 0 0.349609375 0 0.3203125
1 0.056640625 0.294921875 0.06640625 0.298828125 0.060546875 0.310546875 0.060546875 0.31640625 0.052734375 0.322265625 0.046875 0.322265625 0.04296875 0.318359375 0.046875 0.30078125 0.05078125 0.296875 0.0546875 0.296875
1 0.2578125 0.310546875 0.263671875 0.318359375 0.263671875 0.328125 0.26953125 0.3359375 0.267578125 0.33984375 0.26171875 0.33984375 0.259765625 0.341796875 0.2421875 0.33984375 0.232421875 0.333984375 0.21875 0.33203125 0.2109375 0.328125 0.2109375 0.3203125 0.21484375 0.318359375 0.23046875 0.31640625 0.232421875 0.314453125 0.234375 0.31640625 0.24609375 0.31640625 0.255859375 0.310546875
1 0.16796875 0.416015625 0.173828125 0.42578125 0.169921875 0.453125 0.1640625 0.45703125 0.16015625 0.453125 0.146484375 0.451171875 0.12890625 0.443359375 0.130859375 0.439453125 0.1328125 0.443359375 0.13671875 0.439453125 0.134765625 0.43359375 0.134765625 0.421875 0.13671875 0.419921875 0.14453125 0.416015625 0.166015625 0.41796875
1 0.150390625 0.38671875 0.15234375 0.388671875 0.17578125 0.388671875 0.177734375 0.390625 0.177734375 0.412109375 0.169921875 0.412109375 0.154296875 0.3984375 0.154296875 0.39453125 0.150390625 0.388671875
1 0.34375 0.5703125 0.35546875 0.578125 0.380859375 0.578125 0.3828125 0.580078125 0.40234375 0.578125 0.40625 0.57421875 0.40625 0.5703125 0.41796875 0.5703125 0.41015625 0.578125 0.4140625 0.583984375 0.412109375 0.587890625 0.3984375 0.587890625 0.39453125 0.591796875 0.400390625 0.6015625 0.400390625 0.6171875 0.396484375 0.62890625 0.3828125 0.64453125 0.380859375 0.654296875 0.375 0.662109375 0.365234375 0.662109375 0.361328125 0.658203125 0.357421875 0.646484375 0.345703125 0.640625 0.337890625 0.630859375 0.328125 0.6328125 0.3203125 0.623046875 0.3203125 0.609375 0.32421875 0.60546875 0.32421875 0.6015625 0.328125 0.599609375 0.330078125 0.59375 0.333984375 0.595703125 0.33203125 0.6015625 0.333984375 0.607421875 0.333984375 0.626953125 0.337890625 0.630859375 0.34765625 0.623046875 0.349609375 0.609375 0.3515625 0.607421875 0.3515625 0.59765625 0.35546875 0.591796875 0.34765625 0.583984375 0.34375 0.583984375 0.34375 0.572265625
1 0.3515625 0.3046875 0.369140625 0.3046875 0.376953125 0.3125 0.380859375 0.3125 0.380859375 0.333984375 0.37890625 0.337890625 0.375 0.337890625 0.373046875 0.328125 0.36328125 0.318359375 0.345703125 0.314453125 0.3515625 0.306640625