0 0.36328125 0.34765625 0.369140625 0.3515625 0.3671875 0.35546875 0.35546875 0.35546875 0.353515625 0.3515625 0.361328125 0.34765625
0 0.638671875 0.564453125 0.646484375 0.5703125 0.646484375 0.576171875 0.64453125 0.578125 0.619140625 0.578125 0.6171875 0.576171875 0.6171875 0.568359375 0.625 0.5625 0.634765625 0.5625 0.63671875 0.564453125
0 0.2578125 0.349609375 0.267578125 0.349609375 0.263671875 0.35546875 0.2578125 0.35546875 0.2578125 0.3515625
0 0.28125 0.34375 0.287109375 0.341796875 0.294921875 0.34375 0.291015625 0.349609375 0.283203125 0.349609375 0.28125 0.345703125
0 0.404296875 0.5703125 0.029296875 0.021484375
0 0.421875 0.564453125 0.427734375 0.564453125 0.4296875 0.5625 0.443359375 0.564453125 0.451171875 0.57421875 0.447265625 0.58203125 0.443359375 0.580078125 0.421875 0.580078125 0.419921875 0.576171875 0.419921875 0.568359375 0.421875 0.56640625
1 0.453125 0.611328125 0.458984375 0.61328125 0.462890625 0.625 0.470703125 0.625 0.474609375 0.61328125 0.48046875 0.61328125 0.482421875 0.615234375 0.482421875 0.646484375 0.47265625 0.654296875 0.466796875 0.654296875 0.43359375 0.623046875 0.431640625 0.6171875 0.4375 0.61328125 0.451171875 0.611328125
1 0.349609375 0.35546875 0.3515625 0.357421875 0.365234375 0.357421875 0.373046875 0.361328125 0.384765625 0.375 0.384765625 0.380859375 0.380859375 0.3828125 0.302734375 0.380859375 0.298828125 0.375 0.298828125 0.3671875 0.3046875 0.359375 0.31640625 0.359375 0.326171875 0.35546875 0.34765625 0.35546875
1 0.412109375 0.5625 0.41796875 0.568359375 0.42578125 0.564453125 0.44140625 0.564453125 0.44921875 0.5703125 0.44921875 0.580078125 0.447265625 0.58203125 0.462890625 0.59375 0.466796875 0.59375 0.466796875 0.59765625 0.470703125 0.6015625 0.470703125 0.607421875 0.482421875 0.6171875 0.482421875 0.64453125 0.470703125 0.654296875 0.466796875 0.654296875 0.435546875 0.623046875 0.4296875 0.62109375 0.427734375 0.6171875 0.4140625 0.611328125 0.41015625 0.607421875 0.40625 0.607421875 0.400390625 0.6015625 0.39453125 0.6015625 0.384765625 0.59765625 0.384765625 0.587890625 0.392578125 0.580078125 0.390625 0.56640625 0.396484375 0.5625 0.41015625 0.5625
1 0.373046875 0.34375 0.380859375 0.34765625 0.388671875 0.35546875 0.388671875 0.36328125 0.390625 0.365234375 0.400390625 0.345703125 0.404296875 0.34375 0.41015625 0.34375 0.412109375 0.345703125 0.412109375 0.375 0.40625 0.380859375 0.39453125 0.380859375 0.392578125 0.3671875 0.390625 0.365234375 0.388671875 0.3671875 0.388671875 0.373046875 0.384765625 0.373046875 0.369140625 0.357421875 0.365234375 0.35546875 0.353515625 0.35546875 0.3515625 0.353515625 0.361328125 0.34375 0.37109375 0.34375
1 0.287109375 0.345703125 0.294921875 0.35546875 0.296875 0.361328125 0.296875 0.380859375 0.2421875 0.380859375 0.240234375 0.3828125 0.22265625 0.3828125 0.21875 0.380859375 0.21484375 0.369140625 0.220703125 0.359375 0.232421875 0.35546875 0.25390625 0.35546875 0.263671875 0.349609375 0.27734375 0.349609375 0.28515625 0.345703125