0 0.392578125 0.1376953125 0.138671875 0.1640625
0 0.509765625 0.220703125 0.0908203125 0.119140625
0 0.5458984375 0.4326171875 0.064453125 0.080078125
0 0.916015625 0.66796875 0.029296875 0.029296875
0 0.798828125 0.6083984375 0.0361328125 0.044921875
0 0.6787109375 0.55078125 0.044921875 0.0546875
0 0.630859375 0.525390625 0.0419921875 0.0517578125
0 0.572265625 0.4755859375 0.0498046875 0.060546875
1 0.240234375 0.5390625 0.4033203125 0.7548828125
1 0.4130859375 0.564453125 0.248046875 0.4326171875
1 0.48828125 0.595703125 0.1513671875 0.265625
1 0.5927734375 0.6171875 0.099609375 0.142578125
1 0.6552734375 0.6435546875 0.1064453125 0.146484375
1 0.77734375 0.6845703125 0.080078125 0.1044921875
1 0.8974609375 0.7177734375 0.0595703125 0.068359375