0 0.39453125 0.1845703125 0.130859375 0.150390625
0 0.5078125 0.2685546875 0.0859375 0.109375
0 0.5419921875 0.47265625 0.060546875 0.0732421875
0 0.892578125 0.7158203125 0.0283203125 0.0263671875
0 0.78125 0.6533203125 0.0341796875 0.0419921875
0 0.666015625 0.591796875 0.041015625 0.0498046875
0 0.6181640625 0.568359375 0.037109375 0.046875
0 0.564453125 0.515625 0.044921875 0.052734375
1 0.2451171875 0.5625 0.373046875 0.7060546875
1 0.4111328125 0.59375 0.2294921875 0.4013671875
1 0.482421875 0.62890625 0.140625 0.25
1 0.5830078125 0.65234375 0.091796875 0.130859375
1 0.6435546875 0.6806640625 0.0986328125 0.134765625
1 0.759765625 0.7265625 0.0751953125 0.095703125
1 0.875 0.763671875 0.0546875 0.060546875