0 0.705078125 0.212890625 0.138671875 0.162109375
0 0.560546875 0.2421875 0.091796875 0.1201171875
0 0.455078125 0.4287109375 0.0654296875 0.080078125
0 0.1435546875 0.4931640625 0.037109375 0.044921875
0 0.28515625 0.486328125 0.0439453125 0.052734375
0 0.3427734375 0.484375 0.0419921875 0.0498046875
0 0.4140625 0.458984375 0.048828125 0.0576171875
1 0.7265625 0.6318359375 0.396484375 0.734375
1 0.544921875 0.6064453125 0.2470703125 0.439453125
1 0.458984375 0.60546875 0.150390625 0.2705078125
1 0.34765625 0.5830078125 0.099609375 0.142578125
1 0.275390625 0.58203125 0.107421875 0.146484375
1 0.1396484375 0.57421875 0.0810546875 0.103515625