1 0.205078125 0.7822265625 0.2265625 0.42578125
1 0.8447265625 0.7734375 0.166015625 0.453125
1 0.6435546875 0.642578125 0.140625 0.369140625
1 0.33984375 0.671875 0.14453125 0.44140625
2 0.6044921875 0.19140625 0.05859375 0.107421875
2 0.1279296875 0.3369140625 0.072265625 0.1318359375
2 0.3154296875 0.3251953125 0.064453125 0.1083984375
2 0.76953125 0.3251953125 0.078125 0.1396484375
2 0.6328125 0.2890625 0.05078125 0.083984375
2 0.24609375 0.2353515625 0.04296875 0.095703125
2 0.0703125 0.14453125 0.0498046875 0.0693359375