1 0.794921875 0.380859375 0.796875 0.384765625 0.796875 0.40234375 0.80078125 0.412109375 0.80078125 0.423828125 0.796875 0.427734375 0.796875 0.435546875 0.794921875 0.4375 0.796875 0.44140625 0.796875 0.44921875 0.794921875 0.451171875 0.783203125 0.44140625 0.783203125 0.427734375 0.78125 0.42578125 0.78125 0.39453125 0.78515625 0.384765625 0.79296875 0.380859375
1 0 0.443359375 0.005859375 0.44140625 0.0234375 0.44140625 0.033203125 0.447265625 0.037109375 0.453125 0.037109375 0.466796875 0.025390625 0.48046875 0.0234375 0.486328125 0.0234375 0.49609375 0.029296875 0.505859375 0.029296875 0.5234375 0.01953125 0.54296875 0.0078125 0.552734375 0 0.5546875 0 0.4453125
1 0.08203125 0.46875 0.087890625 0.474609375 0.091796875 0.486328125 0.091796875 0.5078125 0.09375 0.509765625 0.095703125 0.52734375 0.1015625 0.533203125 0.111328125 0.533203125 0.1171875 0.52734375 0.119140625 0.529296875 0.119140625 0.54296875 0.1171875 0.544921875 0.111328125 0.544921875 0.109375 0.54296875 0.10546875 0.546875 0.095703125 0.548828125 0.08984375 0.552734375 0.0859375 0.556640625 0.08203125 0.568359375 0.06640625 0.583984375 0.0546875 0.603515625 0.041015625 0.61328125 0.033203125 0.607421875 0.02734375 0.5859375 0.02734375 0.576171875 0.0234375 0.568359375 0.025390625 0.54296875 0.03125 0.525390625 0.03125 0.505859375 0.025390625 0.498046875 0.025390625 0.482421875 0.03125 0.474609375 0.041015625 0.47265625 0.046875 0.46875 0.064453125 0.466796875 0.06640625 0.46484375 0.072265625 0.46484375 0.080078125 0.46875
1 0.79296875 0.244140625 0.802734375 0.2421875 0.810546875 0.25390625 0.810546875 0.267578125 0.806640625 0.26953125 0.8046875 0.267578125 0.79296875 0.26953125 0.79296875 0.263671875 0.791015625 0.26171875 0.79296875 0.24609375
1 0.841796875 0.23828125 0.845703125 0.240234375 0.853515625 0.25390625 0.853515625 0.263671875 0.849609375 0.265625 0.845703125 0.263671875 0.83984375 0.263671875 0.837890625 0.265625 0.8359375 0.263671875 0.833984375 0.248046875 0.8359375 0.2421875 0.83984375 0.240234375
1 0.5 0.830078125 0.5078125 0.833984375 0.53515625 0.861328125 0.548828125 0.859375 0.564453125 0.845703125 0.5703125 0.84765625 0.572265625 0.859375 0.58203125 0.8828125 0.580078125 0.88671875 0.58203125 0.888671875 0.58203125 0.916015625 0.5859375 0.92578125 0.59375 0.931640625 0.59375 0.94140625 0.595703125 0.943359375 0.591796875 0.953125 0.5859375 0.95703125 0.5859375 0.966796875 0.57421875 0.96875 0.568359375 0.97265625 0.56640625 0.970703125 0.560546875 0.970703125 0.5546875 0.962890625 0.55078125 0.96484375 0.546875 0.970703125 0.546875 0.98046875 0.544921875 0.982421875 0.546875 0.99609375 0.529296875 0.99609375 0.52734375 0.998046875 0.517578125 0.998046875 0.515625 0.99609375 0.50390625 0.998046875 0.5 0.99609375 0.49609375 0.998046875 0.4921875 0.994140625 0.494140625 0.9921875 0.494140625 0.92578125 0.49609375 0.921875 0.501953125 0.921875 0.50390625 0.919921875 0.50390625 0.91015625 0.505859375 0.908203125 0.50390625 0.84765625 0.5 0.841796875 0.5 0.8359375 0.498046875 0.833984375 0.5 0.83203125
1 0.720703125 0.28125 0.7265625 0.28125 0.73046875 0.28515625 0.73046875 0.330078125 0.7265625 0.330078125 0.724609375 0.328125 0.716796875 0.328125 0.716796875 0.322265625 0.71484375 0.3203125 0.71484375 0.298828125 0.71875 0.29296875 0.720703125 0.283203125
0 0.0546875 0.27734375 0.060546875 0.28515625 0.060546875 0.294921875 0.056640625 0.30078125 0.046875 0.306640625 0.04296875 0.306640625 0.04296875 0.29296875 0.048828125 0.279296875 0.052734375 0.27734375
0 0.783203125 0.341796875 0.78125 0.330078125 0.78515625 0.322265625 0.7890625 0.32421875 0.791015625 0.330078125 0.7890625 0.341796875 0.78515625 0.341796875
0 0.0380859375 0.3369140625 0.025390625 0.0400390625
0 0.06640625 0.322265625 0.068359375 0.32421875 0.07421875 0.32421875 0.078125 0.3359375 0.078125 0.3515625 0.07421875 0.361328125 0.0703125 0.359375 0.056640625 0.361328125 0.0546875 0.35546875 0.0546875 0.3359375 0.05859375 0.328125 0.064453125 0.32421875
0 0.078125 0.310546875 0.078125 0.291015625 0.083984375 0.287109375 0.08984375 0.291015625 0.08984375 0.298828125 0.087890625 0.30078125 0.087890625 0.310546875 0.080078125 0.310546875
0 0.55859375 0.5712890625 0.03125 0.08203125
0 0.1181640625 0.2685546875 0.0078125 0.0107421875
0 0.099609375 0.291015625 0.10546875 0.302734375 0.10546875 0.314453125 0.095703125 0.318359375 0.08984375 0.31640625 0.087890625 0.30859375 0.08984375 0.306640625 0.08984375 0.298828125 0.09765625 0.291015625