1 0.306640625 0.43359375 0.015625 0.021484375
1 0.37109375 0.453125 0.376953125 0.451171875 0.38671875 0.453125 0.38671875 0.466796875 0.390625 0.48046875 0.3828125 0.501953125 0.37890625 0.50390625 0.373046875 0.501953125 0.36328125 0.494140625 0.359375 0.48828125 0.359375 0.462890625 0.3671875 0.462890625 0.37109375 0.455078125
1 0.833984375 0.5234375 0.83984375 0.529296875 0.83984375 0.537109375 0.833984375 0.546875 0.833984375 0.552734375 0.826171875 0.552734375 0.81640625 0.54296875 0.8125 0.53515625 0.806640625 0.53125 0.806640625 0.525390625 0.83203125 0.5234375
1 0.279296875 0.42578125 0.283203125 0.42578125 0.287109375 0.4296875 0.287109375 0.4453125 0.283203125 0.447265625 0.279296875 0.4453125 0.275390625 0.431640625 0.279296875 0.427734375
1 0.357421875 0.40234375 0.357421875 0.4140625 0.35546875 0.416015625 0.3515625 0.412109375 0.3515625 0.404296875 0.35546875 0.40234375
1 0.490234375 0.52734375 0.4921875 0.533203125 0.4921875 0.568359375 0.486328125 0.576171875 0.482421875 0.609375 0.474609375 0.62890625 0.46875 0.62890625 0.462890625 0.619140625 0.453125 0.611328125 0.44921875 0.603515625 0.435546875 0.591796875 0.43359375 0.5859375 0.43359375 0.5703125 0.435546875 0.568359375 0.44140625 0.5703125 0.447265625 0.568359375 0.44921875 0.53515625 0.453125 0.529296875 0.45703125 0.53125 0.46875 0.53125 0.474609375 0.52734375 0.48828125 0.52734375
0 0.806640625 0.47265625 0.814453125 0.478515625 0.814453125 0.486328125 0.810546875 0.48828125 0.8046875 0.486328125 0.79296875 0.498046875 0.7890625 0.494140625 0.7890625 0.482421875 0.794921875 0.474609375 0.8046875 0.47265625
0 0.369140625 0.435546875 0.369140625 0.427734375 0.37109375 0.42578125 0.376953125 0.42578125 0.37890625 0.431640625 0.376953125 0.435546875 0.37109375 0.435546875
0 0.5078125 0.4296875 0.5078125 0.423828125 0.509765625 0.421875 0.515625 0.421875 0.517578125 0.42578125 0.517578125 0.4296875 0.509765625 0.4296875
0 0.46484375 0.466796875 0.47265625 0.474609375 0.470703125 0.4921875 0.466796875 0.494140625 0.46484375 0.4921875 0.453125 0.494140625 0.451171875 0.490234375 0.453125 0.47265625 0.455078125 0.46875 0.462890625 0.466796875
0 0.48046875 0.423828125 0.48046875 0.419921875 0.484375 0.416015625 0.490234375 0.419921875 0.490234375 0.423828125 0.48828125 0.42578125 0.482421875 0.423828125
0 0.552734375 0.421875 0.55859375 0.421875 0.5625 0.4296875 0.560546875 0.431640625 0.552734375 0.431640625 0.55078125 0.427734375 0.552734375 0.423828125
0 0.375 0.41796875 0.376953125 0.419921875 0.376953125 0.4296875 0.375 0.427734375 0.369140625 0.4296875 0.369140625 0.419921875 0.373046875 0.41796875