1 0.560546875 0.4765625 0.564453125 0.48046875 0.564453125 0.49609375 0.556640625 0.505859375 0.556640625 0.513671875 0.5546875 0.515625 0.556640625 0.517578125 0.556640625 0.5234375 0.5546875 0.525390625 0.548828125 0.515625 0.546875 0.490234375 0.55078125 0.48046875 0.55859375 0.478515625
1 0.490234375 0.46484375 0.49609375 0.46484375 0.5 0.47265625 0.5 0.490234375 0.490234375 0.490234375 0.490234375 0.466796875
1 0.849609375 0.626953125 0.849609375 0.646484375 0.8515625 0.6484375 0.8515625 0.66796875 0.853515625 0.669921875 0.8515625 0.708984375 0.853515625 0.7109375 0.853515625 0.72265625 0.859375 0.7421875 0.859375 0.763671875 0.85546875 0.775390625 0.849609375 0.78125 0.841796875 0.7734375 0.8359375 0.755859375 0.82421875 0.751953125 0.818359375 0.744140625 0.818359375 0.716796875 0.81640625 0.71484375 0.81640625 0.68359375 0.818359375 0.681640625 0.81640625 0.677734375 0.818359375 0.67578125 0.81640625 0.673828125 0.81640625 0.66015625 0.810546875 0.6484375 0.81640625 0.630859375 0.8203125 0.630859375 0.826171875 0.626953125 0.84765625 0.626953125
1 0.56640625 0.525390625 0.5703125 0.525390625 0.576171875 0.521484375 0.580078125 0.525390625 0.580078125 0.541015625 0.57421875 0.5625 0.57421875 0.58984375 0.572265625 0.591796875 0.568359375 0.591796875 0.5625 0.58203125 0.5625 0.55859375 0.564453125 0.556640625 0.564453125 0.544921875 0.56640625 0.54296875 0.564453125 0.529296875 0.56640625 0.52734375
1 0.390625 0.5078125 0.396484375 0.513671875 0.396484375 0.5234375 0.3984375 0.525390625 0.3984375 0.552734375 0.39453125 0.5625 0.39453125 0.57421875 0.390625 0.578125 0.38671875 0.578125 0.384765625 0.5625 0.376953125 0.537109375 0.376953125 0.52734375 0.37890625 0.525390625 0.375 0.51953125 0.376953125 0.51171875 0.388671875 0.509765625
1 0.404296875 0.44140625 0.408203125 0.44140625 0.412109375 0.447265625 0.412109375 0.46875 0.4140625 0.470703125 0.41015625 0.474609375 0.404296875 0.47265625 0.40234375 0.46875 0.40234375 0.447265625 0.404296875 0.443359375
1 0.421875 0.51171875 0.419921875 0.486328125 0.423828125 0.482421875 0.4296875 0.482421875 0.431640625 0.48046875 0.43359375 0.48046875 0.435546875 0.48828125 0.423828125 0.51171875
1 0.693359375 0.603515625 0.6953125 0.60546875 0.69921875 0.603515625 0.701171875 0.60546875 0.701171875 0.61328125 0.703125 0.615234375 0.703125 0.634765625 0.701171875 0.63671875 0.703125 0.6796875 0.69921875 0.693359375 0.697265625 0.7421875 0.693359375 0.748046875 0.6875 0.748046875 0.68359375 0.7421875 0.681640625 0.732421875 0.666015625 0.716796875 0.666015625 0.712890625 0.671875 0.703125 0.66796875 0.69140625 0.66796875 0.6328125 0.66015625 0.626953125 0.66015625 0.623046875 0.6640625 0.619140625 0.6640625 0.615234375 0.66796875 0.609375 0.671875 0.609375 0.681640625 0.603515625 0.69140625 0.603515625
1 0.509765625 0.498046875 0.51171875 0.49609375 0.509765625 0.490234375 0.51171875 0.4765625 0.515625 0.47265625 0.521484375 0.47265625 0.5234375 0.51953125 0.51953125 0.5234375 0.515625 0.517578125 0.51171875 0.5078125 0.51171875 0.5
1 0.541015625 0.49609375 0.544921875 0.501953125 0.544921875 0.51171875 0.546875 0.513671875 0.546875 0.5234375 0.544921875 0.525390625 0.546875 0.529296875 0.541015625 0.55078125 0.53515625 0.544921875 0.53125 0.533203125 0.53125 0.5 0.5390625 0.49609375
1 0.60546875 0.5546875 0.609375 0.5546875 0.609375 0.55859375 0.615234375 0.5625 0.615234375 0.568359375 0.609375 0.57421875 0.611328125 0.6015625 0.61328125 0.603515625 0.611328125 0.619140625 0.615234375 0.62890625 0.615234375 0.63671875 0.609375 0.642578125 0.607421875 0.669921875 0.6015625 0.671875 0.59765625 0.66796875 0.595703125 0.66015625 0.583984375 0.640625 0.58203125 0.62109375 0.5859375 0.607421875 0.5859375 0.587890625 0.583984375 0.5859375 0.578125 0.5859375 0.578125 0.580078125 0.583984375 0.57421875 0.5859375 0.564453125 0.599609375 0.5625 0.60546875 0.556640625
0 0.814453125 0.5390625 0.822265625 0.54296875 0.826171875 0.55078125 0.826171875 0.560546875 0.82421875 0.5625 0.822265625 0.560546875 0.814453125 0.560546875 0.80859375 0.56640625 0.80859375 0.57421875 0.806640625 0.57421875 0.8046875 0.568359375 0.8046875 0.548828125 0.8125 0.541015625
0 0.38671875 0.4765625 0.390625 0.4765625 0.39453125 0.48046875 0.39453125 0.486328125 0.390625 0.490234375 0.38671875 0.490234375 0.384765625 0.486328125 0.384765625 0.48046875 0.38671875 0.478515625
0 0.572265625 0.478515625 0.57421875 0.48046875 0.57421875 0.490234375 0.572265625 0.4921875 0.568359375 0.4921875 0.564453125 0.48828125 0.564453125 0.48046875 0.5703125 0.478515625
0 0.595703125 0.509765625 0.59765625 0.51953125 0.587890625 0.51953125 0.5859375 0.521484375 0.583984375 0.521484375 0.5859375 0.51171875 0.587890625 0.509765625 0.59375 0.509765625
0 0.671875 0.51171875 0.6796875 0.51953125 0.6796875 0.5390625 0.671875 0.5390625 0.669921875 0.541015625 0.6640625 0.541015625 0.66015625 0.537109375 0.66015625 0.51953125 0.662109375 0.515625 0.669921875 0.51171875