1 0.810546875 0.17578125 0.814453125 0.177734375 0.814453125 0.193359375 0.8125 0.1953125 0.810546875 0.193359375 0.810546875 0.177734375
1 0.94921875 0.23828125 0.953125 0.2421875 0.953125 0.251953125 0.955078125 0.25390625 0.955078125 0.26171875 0.953125 0.263671875 0.953125 0.28125 0.955078125 0.287109375 0.953125 0.2890625 0.953125 0.294921875 0.94921875 0.296875 0.943359375 0.294921875 0.9375 0.279296875 0.9375 0.25 0.935546875 0.248046875 0.94140625 0.23828125 0.947265625 0.23828125
1 0.716796875 0.255859375 0.72265625 0.255859375 0.728515625 0.26171875 0.728515625 0.271484375 0.73046875 0.2734375 0.73046875 0.302734375 0.7265625 0.3125 0.724609375 0.314453125 0.71875 0.314453125 0.716796875 0.296875 0.71484375 0.294921875 0.71484375 0.267578125 0.716796875 0.265625 0.716796875 0.2578125
1 0.1953125 0.662109375 0.19921875 0.666015625 0.203125 0.662109375 0.203125 0.669921875 0.20703125 0.67578125 0.20703125 0.6796875 0.21875 0.69140625 0.22265625 0.69140625 0.23046875 0.69921875 0.234375 0.69921875 0.2421875 0.705078125 0.255859375 0.705078125 0.259765625 0.708984375 0.2578125 0.736328125 0.25 0.759765625 0.25 0.765625 0.2578125 0.7734375 0.27734375 0.7734375 0.279296875 0.771484375 0.283203125 0.763671875 0.283203125 0.751953125 0.2734375 0.736328125 0.275390625 0.7265625 0.279296875 0.720703125 0.279296875 0.712890625 0.283203125 0.708984375 0.283203125 0.705078125 0.287109375 0.705078125 0.2890625 0.70703125 0.287109375 0.71875 0.291015625 0.720703125 0.296875 0.70703125 0.302734375 0.703125 0.296875 0.720703125 0.296875 0.732421875 0.3046875 0.73828125 0.306640625 0.75 0.302734375 0.763671875 0.296875 0.771484375 0.302734375 0.779296875 0.322265625 0.78515625 0.328125 0.783203125 0.330078125 0.78515625 0.328125 0.79296875 0.3203125 0.79296875 0.30859375 0.8046875 0.3046875 0.8046875 0.28125 0.818359375 0.267578125 0.833984375 0.259765625 0.837890625 0.248046875 0.849609375 0.240234375 0.86328125 0.240234375 0.869140625 0.236328125 0.875 0.2265625 0.904296875 0.22265625 0.908203125 0.22265625 0.912109375 0.216796875 0.921875 0.197265625 0.939453125 0.185546875 0.939453125 0.17578125 0.923828125 0.169921875 0.904296875 0.169921875 0.861328125 0.171875 0.859375 0.171875 0.8515625 0.169921875 0.849609375 0.16015625 0.857421875 0.16015625 0.84765625 0.169921875 0.818359375 0.173828125 0.8125 0.17578125 0.798828125 0.181640625 0.787109375 0.181640625 0.779296875 0.189453125 0.7578125 0.189453125 0.748046875 0.19140625 0.74609375 0.189453125 0.685546875 0.19140625 0.68359375 0.19140625 0.671875 0.1953125 0.66796875 0.193359375 0.666015625 0.1953125 0.6640625
1 0.82421875 0.1796875 0.828125 0.18359375 0.826171875 0.193359375 0.82421875 0.1953125 0.822265625 0.193359375 0.822265625 0.181640625
1 0.771484375 0.22265625 0.775390625 0.22265625 0.779296875 0.228515625 0.779296875 0.25 0.77734375 0.251953125 0.77734375 0.2578125 0.7734375 0.26171875 0.76953125 0.251953125 0.771484375 0.224609375
1 0.8427734375 0.1806640625 0.0068359375 0.013671875
1 0.87890625 0.1796875 0.880859375 0.181640625 0.880859375 0.201171875 0.87890625 0.203125 0.876953125 0.19921875 0.876953125 0.181640625
1 0.755859375 0.22265625 0.765625 0.22265625 0.763671875 0.25390625 0.7578125 0.25390625 0.755859375 0.251953125 0.755859375 0.224609375
1 0.685546875 0.203125 0.6875 0.220703125 0.693359375 0.2265625 0.693359375 0.26171875 0.6875 0.265625 0.681640625 0.265625 0.67578125 0.26171875 0.66796875 0.26171875 0.658203125 0.251953125 0.658203125 0.23828125 0.6640625 0.22265625 0.67578125 0.2109375 0.67578125 0.205078125 0.677734375 0.203125 0.68359375 0.203125
1 0.6015625 0.544921875 0.603515625 0.544921875 0.603515625 0.591796875 0.607421875 0.60546875 0.60546875 0.677734375 0.599609375 0.697265625 0.587890625 0.712890625 0.587890625 0.724609375 0.580078125 0.734375 0.576171875 0.744140625 0.572265625 0.748046875 0.572265625 0.75390625 0.564453125 0.765625 0.564453125 0.76953125 0.556640625 0.779296875 0.556640625 0.791015625 0.5546875 0.79296875 0.5546875 0.80078125 0.548828125 0.8125 0.548828125 0.818359375 0.541015625 0.83203125 0.537109375 0.833984375 0.53515625 0.83984375 0.52734375 0.841796875 0.5234375 0.837890625 0.517578125 0.822265625 0.517578125 0.8046875 0.515625 0.802734375 0.517578125 0.767578125 0.5078125 0.7578125 0.509765625 0.734375 0.513671875 0.720703125 0.513671875 0.67578125 0.521484375 0.65625 0.521484375 0.642578125 0.517578125 0.630859375 0.517578125 0.619140625 0.5234375 0.609375 0.521484375 0.607421875 0.521484375 0.599609375 0.5234375 0.59765625 0.53515625 0.595703125 0.55078125 0.603515625 0.556640625 0.603515625 0.5703125 0.611328125 0.578125 0.611328125 0.580078125 0.609375 0.578125 0.607421875 0.578125 0.599609375 0.580078125 0.59765625 0.578125 0.595703125 0.58203125 0.595703125 0.578125 0.6015625 0.578125 0.607421875 0.58203125 0.611328125 0.580078125 0.619140625 0.583984375 0.626953125 0.583984375 0.64453125 0.5859375 0.646484375 0.583984375 0.650390625 0.5859375 0.65625 0.583984375 0.658203125 0.583984375 0.673828125 0.580078125 0.6796875 0.58203125 0.685546875 0.580078125 0.697265625 0.58203125 0.69921875 0.58984375 0.69921875 0.59375 0.6953125 0.595703125 0.689453125 0.595703125 0.642578125 0.59375 0.640625 0.595703125 0.63671875 0.595703125 0.576171875 0.59375 0.57421875 0.59375 0.55859375 0.591796875 0.5546875 0.59765625 0.552734375 0.6015625 0.546875
1 0.7880859375 0.2060546875 0.009765625 0.0283203125
1 0.859375 0.20703125 0.857421875 0.189453125 0.859375 0.1875 0.86328125 0.189453125 0.86328125 0.203125 0.859375 0.208984375
1 0.99609375 0.248046875 0.998046875 0.25 0.998046875 0.29296875 0.99609375 0.294921875 0.98828125 0.294921875 0.982421875 0.28515625 0.984375 0.25 0.994140625 0.248046875
0 0.720703125 0.220703125 0.720703125 0.208984375 0.72265625 0.20703125 0.7265625 0.208984375 0.7265625 0.220703125 0.72265625 0.220703125
0 0.939453125 0.208984375 0.9453125 0.208984375 0.9453125 0.220703125 0.939453125 0.220703125 0.9375 0.216796875 0.939453125 0.2109375
0 0.564453125 0.37890625 0.568359375 0.3828125 0.572265625 0.392578125 0.572265625 0.42578125 0.5703125 0.427734375 0.5703125 0.4375 0.564453125 0.435546875 0.560546875 0.4375 0.55859375 0.435546875 0.548828125 0.435546875 0.546875 0.431640625 0.546875 0.3984375 0.548828125 0.396484375 0.548828125 0.390625 0.55078125 0.384765625 0.556640625 0.37890625 0.5625 0.37890625
2 0.23828125 0.49609375 0.046875 0.083984375
2 0.2841796875 0.4921875 0.046875 0.072265625
2 0.3115234375 0.517578125 0.03515625 0.0673828125