1 0.638671875 0.63671875 0.64453125 0.63671875 0.646484375 0.634765625 0.65625 0.63671875 0.673828125 0.66015625 0.69921875 0.658203125 0.703125 0.65625 0.705078125 0.658203125 0.712890625 0.658203125 0.7265625 0.666015625 0.732421875 0.666015625 0.7421875 0.669921875 0.744140625 0.671875 0.7421875 0.69140625 0.748046875 0.69921875 0.751953125 0.7109375 0.748046875 0.74609375 0.7421875 0.759765625 0.736328125 0.763671875 0.73046875 0.775390625 0.732421875 0.7890625 0.736328125 0.798828125 0.7265625 0.80859375 0.724609375 0.8359375 0.720703125 0.84765625 0.70703125 0.86328125 0.69921875 0.86328125 0.6875 0.849609375 0.6875 0.833984375 0.68359375 0.826171875 0.66796875 0.818359375 0.654296875 0.8046875 0.654296875 0.80078125 0.658203125 0.796875 0.658203125 0.775390625 0.66015625 0.7734375 0.66015625 0.765625 0.658203125 0.763671875 0.658203125 0.75390625 0.66015625 0.751953125 0.658203125 0.748046875 0.66015625 0.744140625 0.658203125 0.7421875 0.66015625 0.740234375 0.66015625 0.734375 0.658203125 0.732421875 0.658203125 0.7265625 0.66015625 0.720703125 0.666015625 0.716796875 0.666015625 0.6953125 0.671875 0.685546875 0.671875 0.681640625 0.666015625 0.677734375 0.666015625 0.66796875 0.658203125 0.66015625 0.654296875 0.654296875 0.654296875 0.650390625 0.646484375 0.64453125 0.638671875 0.64453125 0.634765625 0.640625 0.638671875 0.638671875
1 0.408203125 0.44921875 0.408203125 0.45703125 0.404296875 0.458984375 0.400390625 0.46875 0.396484375 0.47265625 0.392578125 0.47265625 0.38671875 0.462890625 0.38671875 0.447265625 0.390625 0.4453125 0.392578125 0.447265625 0.404296875 0.447265625 0.40625 0.44921875
1 0.419921875 0.46875 0.4296875 0.47265625 0.44140625 0.490234375 0.4375 0.498046875 0.4375 0.505859375 0.43359375 0.515625 0.43359375 0.53125 0.41796875 0.55078125 0.412109375 0.55078125 0.400390625 0.53125 0.400390625 0.515625 0.40234375 0.513671875 0.40234375 0.48828125 0.400390625 0.484375 0.412109375 0.470703125 0.41796875 0.46875
1 0.4609375 0.40625 0.46484375 0.40625 0.46875 0.4140625 0.466796875 0.423828125 0.4609375 0.423828125 0.458984375 0.421875 0.458984375 0.41015625 0.4609375 0.408203125
1 0.517578125 0.435546875 0.515625 0.42578125 0.521484375 0.41796875 0.52734375 0.41796875 0.52734375 0.43359375 0.525390625 0.435546875 0.51953125 0.435546875
1 0.474609375 0.4296875 0.484375 0.4296875 0.48828125 0.435546875 0.48046875 0.4453125 0.4765625 0.455078125 0.47265625 0.447265625 0.47265625 0.43359375 0.474609375 0.431640625
1 0.5673828125 0.4716796875 0.0234375 0.044921875
1 0.42578125 0.419921875 0.4296875 0.421875 0.427734375 0.435546875 0.41796875 0.43359375 0.41796875 0.423828125 0.423828125 0.419921875
0 0.6953125 0.533203125 0.705078125 0.5390625 0.708984375 0.546875 0.7109375 0.5625 0.70703125 0.568359375 0.70703125 0.564453125 0.701171875 0.55859375 0.6796875 0.560546875 0.673828125 0.564453125 0.669921875 0.5625 0.669921875 0.55078125 0.673828125 0.537109375 0.6796875 0.533203125 0.693359375 0.533203125
0 0.42578125 0.435546875 0.4296875 0.44140625 0.427734375 0.451171875 0.42578125 0.44921875 0.419921875 0.44921875 0.41796875 0.451171875 0.416015625 0.44921875 0.416015625 0.4375 0.41796875 0.435546875 0.423828125 0.435546875
0 0.5625 0.421875 0.568359375 0.421875 0.5703125 0.423828125 0.568359375 0.431640625 0.5625 0.4296875 0.5625 0.423828125
2 0.6591796875 0.5478515625 0.0234375 0.048828125