1 0.892578125 0.408203125 0.896484375 0.4140625 0.90625 0.41796875 0.91015625 0.421875 0.91796875 0.423828125 0.91796875 0.431640625 0.912109375 0.427734375 0.908203125 0.431640625 0.90234375 0.427734375 0.8984375 0.4296875 0.8984375 0.4375 0.90625 0.44921875 0.904296875 0.513671875 0.90234375 0.515625 0.90234375 0.533203125 0.900390625 0.53515625 0.90234375 0.5390625 0.890625 0.564453125 0.88671875 0.5859375 0.8828125 0.591796875 0.87890625 0.587890625 0.87890625 0.576171875 0.873046875 0.564453125 0.873046875 0.546875 0.87109375 0.544921875 0.869140625 0.521484375 0.8671875 0.51953125 0.869140625 0.513671875 0.8671875 0.509765625 0.8671875 0.4921875 0.869140625 0.490234375 0.87109375 0.439453125 0.87890625 0.427734375 0.873046875 0.42578125 0.8671875 0.41796875 0.86328125 0.419921875 0.859375 0.41796875 0.86328125 0.4140625 0.8671875 0.4140625 0.873046875 0.40625 0.876953125 0.408203125 0.888671875 0.40625 0.890625 0.408203125
1 0.1015625 0.248046875 0.109375 0.248046875 0.1171875 0.2578125 0.126953125 0.283203125 0.125 0.29296875 0.1171875 0.298828125 0.109375 0.29296875 0.080078125 0.29296875 0.07421875 0.30078125 0.06640625 0.30078125 0.0625 0.294921875 0.064453125 0.26171875 0.0859375 0.2734375 0.091796875 0.267578125 0.09765625 0.267578125 0.099609375 0.265625 0.099609375 0.251953125 0.1015625 0.25
1 0.275390625 0.216796875 0.28125 0.216796875 0.279296875 0.22265625 0.28125 0.234375 0.29296875 0.23828125 0.302734375 0.2578125 0.302734375 0.263671875 0.30078125 0.265625 0.296875 0.265625 0.283203125 0.275390625 0.279296875 0.275390625 0.265625 0.259765625 0.259765625 0.259765625 0.263671875 0.248046875 0.26953125 0.24609375 0.2734375 0.240234375 0.275390625 0.21875
1 0.65625 0.396484375 0.658203125 0.3984375 0.662109375 0.396484375 0.6796875 0.3984375 0.68359375 0.40234375 0.68359375 0.40625 0.689453125 0.41015625 0.689453125 0.4140625 0.677734375 0.41796875 0.6796875 0.423828125 0.677734375 0.451171875 0.662109375 0.462890625 0.658203125 0.462890625 0.654296875 0.46875 0.650390625 0.466796875 0.650390625 0.439453125 0.65234375 0.4375 0.654296875 0.416015625 0.65234375 0.4140625 0.646484375 0.416015625 0.642578125 0.412109375 0.64453125 0.40234375 0.654296875 0.396484375
0 0.263671875 0.216796875 0.26953125 0.216796875 0.26953125 0.224609375 0.263671875 0.224609375 0.263671875 0.21875
2 0.6689453125 0.3427734375 0.029296875 0.060546875
2 0.884765625 0.3427734375 0.02734375 0.0595703125
2 0.890625 0.240234375 0.892578125 0.25 0.884765625 0.25 0.884765625 0.2421875 0.888671875 0.240234375
2 0.8876953125 0.2509765625 0.0146484375 0.03125
2 0.0703125 0.2265625 0.0126953125 0.0205078125
2 0.08984375 0.2294921875 0.0146484375 0.0205078125
2 0.884765625 0.365234375 0.87890625 0.3515625 0.87890625 0.330078125 0.884765625 0.3203125 0.890625 0.3203125 0.896484375 0.330078125 0.896484375 0.353515625 0.89453125 0.35546875 0.89453125 0.361328125 0.892578125 0.365234375 0.88671875 0.365234375
1 0.869140625 0.2734375 0.884765625 0.2890625 0.884765625 0.318359375 0.87890625 0.328125 0.87890625 0.345703125 0.869140625 0.35546875 0.861328125 0.35546875 0.859375 0.3515625 0.859375 0.330078125 0.861328125 0.328125 0.859375 0.29296875 0.869140625 0.275390625