1 0.310546875 0.484375 0.31640625 0.482421875 0.3203125 0.484375 0.322265625 0.490234375 0.3203125 0.501953125 0.318359375 0.50390625 0.3125 0.50390625 0.30859375 0.498046875 0.310546875 0.486328125
1 0.3759765625 0.5341796875 0.029296875 0.0498046875
1 0.787109375 0.57421875 0.8125 0.591796875 0.8125 0.599609375 0.80859375 0.603515625 0.796875 0.60546875 0.79296875 0.609375 0.779296875 0.6015625 0.76953125 0.587890625 0.765625 0.5859375 0.76171875 0.578125 0.77734375 0.578125 0.78515625 0.57421875
1 0.3388671875 0.4794921875 0.01171875 0.01953125
1 0.48046875 0.58203125 0.48046875 0.6171875 0.474609375 0.630859375 0.474609375 0.64453125 0.470703125 0.65234375 0.470703125 0.66015625 0.466796875 0.66796875 0.462890625 0.669921875 0.431640625 0.640625 0.427734375 0.62109375 0.4296875 0.6171875 0.435546875 0.6171875 0.439453125 0.62109375 0.44140625 0.619140625 0.44140625 0.60546875 0.4453125 0.599609375 0.4453125 0.587890625 0.44921875 0.583984375 0.46484375 0.583984375 0.470703125 0.580078125 0.4765625 0.580078125 0.478515625 0.58203125
1 0.29296875 0.484375 0.294921875 0.484375 0.298828125 0.4921875 0.298828125 0.50390625 0.29296875 0.5078125 0.2890625 0.50390625 0.2890625 0.48828125 0.29296875 0.486328125
1 0.357421875 0.46875 0.361328125 0.46875 0.361328125 0.478515625 0.357421875 0.48046875 0.357421875 0.470703125
0 0.45703125 0.525390625 0.46484375 0.533203125 0.462890625 0.544921875 0.4453125 0.544921875 0.4453125 0.533203125 0.44921875 0.52734375 0.455078125 0.525390625
0 0.767578125 0.533203125 0.771484375 0.5390625 0.76953125 0.54296875 0.76171875 0.54296875 0.755859375 0.548828125 0.755859375 0.552734375 0.75 0.552734375 0.748046875 0.55078125 0.748046875 0.5390625 0.7578125 0.53125 0.763671875 0.53125 0.765625 0.533203125
0 0.501953125 0.486328125 0.50390625 0.48828125 0.50390625 0.494140625 0.49609375 0.494140625 0.494140625 0.4921875 0.5 0.486328125
0 0.474609375 0.48046875 0.478515625 0.482421875 0.478515625 0.490234375 0.47265625 0.490234375 0.47265625 0.482421875
0 0.3759765625 0.490234375 0.0126953125 0.0126953125
0 0.541015625 0.486328125 0.54296875 0.48828125 0.54296875 0.49609375 0.537109375 0.49609375 0.533203125 0.4921875 0.5390625 0.486328125