1 0.390625 0.431640625 0.39453125 0.435546875 0.388671875 0.44140625 0.388671875 0.453125 0.37890625 0.4609375 0.380859375 0.466796875 0.380859375 0.4921875 0.3828125 0.494140625 0.380859375 0.509765625 0.3828125 0.513671875 0.384765625 0.515625 0.390625 0.509765625 0.390625 0.50390625 0.39453125 0.49609375 0.39453125 0.478515625 0.396484375 0.48046875 0.396484375 0.4921875 0.39453125 0.494140625 0.39453125 0.53515625 0.392578125 0.537109375 0.39453125 0.541015625 0.392578125 0.54296875 0.390625 0.57421875 0.38671875 0.576171875 0.3828125 0.572265625 0.380859375 0.55859375 0.376953125 0.556640625 0.373046875 0.56640625 0.369140625 0.59375 0.365234375 0.59765625 0.361328125 0.595703125 0.359375 0.58203125 0.357421875 0.580078125 0.357421875 0.53515625 0.359375 0.533203125 0.359375 0.505859375 0.357421875 0.501953125 0.359375 0.5 0.359375 0.47265625 0.36328125 0.46875 0.36328125 0.4609375 0.357421875 0.455078125 0.37109375 0.439453125 0.375 0.439453125 0.37890625 0.443359375 0.38671875 0.443359375 0.390625 0.4375 0.390625 0.43359375
1 0.720703125 0.48046875 0.716796875 0.46875 0.708984375 0.458984375 0.708984375 0.439453125 0.712890625 0.42578125 0.712890625 0.390625 0.71484375 0.388671875 0.720703125 0.388671875 0.7265625 0.40234375 0.728515625 0.443359375 0.73046875 0.4453125 0.73046875 0.47265625 0.7265625 0.478515625 0.72265625 0.478515625
1 0.150390625 0.765625 0.15625 0.771484375 0.1640625 0.79296875 0.162109375 0.814453125 0.15625 0.83203125 0.154296875 0.849609375 0.158203125 0.853515625 0.1640625 0.853515625 0.169921875 0.859375 0.169921875 0.86328125 0.166015625 0.8671875 0.166015625 0.8828125 0.158203125 0.88671875 0.1484375 0.884765625 0.14453125 0.888671875 0.154296875 0.9140625 0.15625 0.947265625 0.158203125 0.94921875 0.15625 0.986328125 0.15234375 0.998046875 0.095703125 0.998046875 0.099609375 0.96875 0.123046875 0.912109375 0.12109375 0.88671875 0.123046875 0.884765625 0.125 0.84375 0.126953125 0.841796875 0.126953125 0.83203125 0.130859375 0.8203125 0.134765625 0.77734375 0.138671875 0.771484375 0.1484375 0.765625
1 0.583984375 0.283203125 0.587890625 0.291015625 0.587890625 0.30859375 0.5859375 0.314453125 0.58203125 0.314453125 0.580078125 0.291015625 0.583984375 0.28515625
1 0.12109375 0.298828125 0.12890625 0.31640625 0.12890625 0.326171875 0.1328125 0.333984375 0.1328125 0.341796875 0.125 0.341796875 0.119140625 0.345703125 0.115234375 0.34375 0.1171875 0.322265625 0.11328125 0.31640625 0.11328125 0.3046875 0.119140625 0.298828125
1 0.6015625 0.314453125 0.60546875 0.3203125 0.60546875 0.3515625 0.603515625 0.353515625 0.603515625 0.361328125 0.6015625 0.36328125 0.6015625 0.353515625 0.59375 0.341796875 0.59375 0.322265625 0.595703125 0.31640625 0.599609375 0.31640625
1 0.1484375 0.333984375 0.1484375 0.3125 0.15234375 0.3046875 0.15234375 0.296875 0.15625 0.291015625 0.16015625 0.29296875 0.166015625 0.3046875 0.16796875 0.330078125 0.150390625 0.333984375
1 0.58984375 0.404296875 0.595703125 0.400390625 0.607421875 0.400390625 0.609375 0.3984375 0.609375 0.40234375 0.60546875 0.404296875 0.60546875 0.419921875 0.603515625 0.421875 0.607421875 0.435546875 0.60546875 0.439453125 0.60546875 0.453125 0.607421875 0.455078125 0.609375 0.48046875 0.603515625 0.490234375 0.599609375 0.51171875 0.595703125 0.509765625 0.595703125 0.49609375 0.58984375 0.48046875 0.58984375 0.46875 0.5859375 0.45703125 0.587890625 0.455078125 0.587890625 0.44140625 0.5859375 0.439453125 0.587890625 0.435546875 0.583984375 0.431640625 0.583984375 0.423828125 0.58203125 0.421875 0.5859375 0.41796875 0.58984375 0.40625
1 0.623046875 0.3046875 0.626953125 0.3046875 0.630859375 0.31640625 0.626953125 0.34765625 0.623046875 0.34765625 0.62109375 0.34375 0.62109375 0.3125 0.623046875 0.306640625
0 0.578125 0.33203125 0.583984375 0.33203125 0.5859375 0.3359375 0.5859375 0.345703125 0.58203125 0.34765625 0.578125 0.345703125 0.578125 0.333984375
0 0.078125 0.591796875 0.0859375 0.595703125 0.09375 0.619140625 0.09375 0.662109375 0.091796875 0.6640625 0.091796875 0.677734375 0.0859375 0.6796875 0.076171875 0.689453125 0.07421875 0.6953125 0.060546875 0.712890625 0.044921875 0.70703125 0.037109375 0.6953125 0.033203125 0.693359375 0.033203125 0.689453125 0.029296875 0.685546875 0.029296875 0.681640625 0.025390625 0.67578125 0.025390625 0.658203125 0.0234375 0.654296875 0.033203125 0.619140625 0.04296875 0.603515625 0.048828125 0.59765625 0.052734375 0.59765625 0.05859375 0.59375 0.076171875 0.591796875
0 0.716796875 0.337890625 0.71875 0.341796875 0.716796875 0.35546875 0.7109375 0.353515625 0.7109375 0.33984375 0.71484375 0.337890625
0 0.5947265625 0.353515625 0.0107421875 0.015625
0 0.384765625 0.36328125 0.388671875 0.3671875 0.388671875 0.38671875 0.384765625 0.384765625 0.37890625 0.384765625 0.376953125 0.38671875 0.375 0.384765625 0.375 0.373046875 0.37890625 0.365234375 0.3828125 0.36328125