1 0.30859375 0.357421875 0.318359375 0.36328125 0.318359375 0.369140625 0.314453125 0.369140625 0.310546875 0.373046875 0.310546875 0.37890625 0.31640625 0.390625 0.31640625 0.40234375 0.314453125 0.404296875 0.314453125 0.419921875 0.3125 0.421875 0.3125 0.427734375 0.314453125 0.4296875 0.3125 0.455078125 0.30859375 0.466796875 0.3046875 0.46484375 0.3046875 0.4609375 0.294921875 0.44921875 0.283203125 0.42578125 0.283203125 0.40625 0.287109375 0.41015625 0.287109375 0.423828125 0.291015625 0.427734375 0.294921875 0.42578125 0.294921875 0.41015625 0.29296875 0.408203125 0.29296875 0.388671875 0.296875 0.376953125 0.294921875 0.36328125 0.298828125 0.359375 0.306640625 0.357421875
1 0.703125 0.408203125 0.703125 0.458984375 0.70703125 0.4609375 0.70703125 0.470703125 0.705078125 0.47265625 0.69921875 0.47265625 0.69921875 0.45703125 0.6953125 0.451171875 0.6953125 0.443359375 0.693359375 0.44140625 0.693359375 0.41015625 0.6953125 0.408203125 0.701171875 0.408203125
1 0.166015625 0.2939453125 0.0126953125 0.0341796875
1 0.228515625 0.283203125 0.23046875 0.294921875 0.228515625 0.296875 0.2265625 0.314453125 0.22265625 0.322265625 0.22265625 0.302734375 0.21875 0.2890625 0.2265625 0.283203125
1 0.2431640625 0.296875 0.0126953125 0.03515625
1 0.20703125 0.296875 0.216796875 0.296875 0.220703125 0.30078125 0.21875 0.3359375 0.21484375 0.34765625 0.2109375 0.34765625 0.201171875 0.333984375 0.203125 0.3046875 0.20703125 0.298828125
1 0.185546875 0.287109375 0.193359375 0.287109375 0.197265625 0.298828125 0.1953125 0.31640625 0.189453125 0.328125 0.181640625 0.31640625 0.181640625 0.30078125 0.185546875 0.2890625
1 0.4921875 0.34765625 0.4921875 0.353515625 0.48828125 0.357421875 0.490234375 0.43359375 0.4921875 0.435546875 0.4921875 0.44921875 0.490234375 0.451171875 0.490234375 0.462890625 0.48828125 0.466796875 0.482421875 0.46484375 0.478515625 0.451171875 0.478515625 0.4375 0.4765625 0.435546875 0.478515625 0.416015625 0.4765625 0.4140625 0.4765625 0.404296875 0.47265625 0.396484375 0.470703125 0.37109375 0.4765625 0.36328125 0.48828125 0.35546875 0.490234375 0.349609375
1 0.466796875 0.380859375 0.470703125 0.38671875 0.470703125 0.3984375 0.474609375 0.404296875 0.474609375 0.41796875 0.4765625 0.419921875 0.474609375 0.4296875 0.4765625 0.431640625 0.4765625 0.466796875 0.478515625 0.46875 0.4765625 0.474609375 0.478515625 0.48046875 0.4765625 0.482421875 0.4765625 0.498046875 0.474609375 0.50390625 0.470703125 0.505859375 0.466796875 0.50390625 0.4609375 0.484375 0.453125 0.484375 0.447265625 0.478515625 0.439453125 0.482421875 0.43359375 0.47265625 0.435546875 0.4296875 0.4375 0.427734375 0.44140625 0.439453125 0.443359375 0.47265625 0.4453125 0.474609375 0.451171875 0.47265625 0.451171875 0.451171875 0.44921875 0.44921875 0.451171875 0.40625 0.44921875 0.404296875 0.44921875 0.3984375 0.453125 0.392578125 0.453125 0.388671875 0.45703125 0.384765625 0.462890625 0.384765625 0.46484375 0.3828125
1 0.390625 0.3046875 0.390625 0.3125 0.39453125 0.32421875 0.412109375 0.31640625 0.412109375 0.3515625 0.408203125 0.35546875 0.404296875 0.35546875 0.3984375 0.349609375 0.390625 0.349609375 0.388671875 0.34765625 0.380859375 0.353515625 0.375 0.3515625 0.373046875 0.34765625 0.373046875 0.326171875 0.3828125 0.318359375 0.384765625 0.310546875 0.388671875 0.306640625
0 0.298828125 0.306640625 0.306640625 0.314453125 0.306640625 0.326171875 0.302734375 0.330078125 0.296875 0.330078125 0.294921875 0.3125 0.298828125 0.30859375
2 0.3994140625 0.2822265625 0.0068359375 0.013671875
2 0.4384765625 0.3330078125 0.01171875 0.029296875
2 0.4501953125 0.333984375 0.0146484375 0.0341796875
2 0.4677734375 0.322265625 0.0126953125 0.0322265625
2 0.609375 0.318359375 0.0107421875 0.02734375
2 0.6806640625 0.34375 0.0107421875 0.03125
2 0.7109375 0.3369140625 0.0185546875 0.0341796875