2 0.1494140625 0.3818359375 0.03515625 0.05859375
2 0.0859375 0.36328125 0.0341796875 0.044921875
2 0.01171875 0.3642578125 0.0234375 0.0556640625
2 0.2421875 0.3623046875 0.04296875 0.0673828125
2 0.349609375 0.3828125 0.060546875 0.0673828125
2 0.5263671875 0.3681640625 0.03515625 0.0634765625
2 0.5615234375 0.380859375 0.0361328125 0.078125
2 0.7197265625 0.375 0.0234375 0.0517578125
2 0.8701171875 0.3671875 0.02734375 0.0576171875
2 0.98046875 0.365234375 0.0263671875 0.0634765625
1 0.94921875 0.55859375 0.1005859375 0.2119140625
1 0.7373046875 0.5400390625 0.1171875 0.19140625
1 0.859375 0.5380859375 0.150390625 0.166015625
1 0.548828125 0.59765625 0.1875 0.236328125
1 0.3515625 0.6455078125 0.2138671875 0.25390625
1 0.44140625 0.5390625 0.11328125 0.1845703125
1 0.248046875 0.51953125 0.09375 0.146484375
1 0.1484375 0.556640625 0.1201171875 0.1904296875
1 0.0830078125 0.5 0.076171875 0.115234375
1 0.0185546875 0.591796875 0.0361328125 0.1982421875
2 0.431640625 0.3779296875 0.0361328125 0.060546875
2 0.40625 0.3671875 0.03125 0.05859375
2 0.64453125 0.361328125 0.0224609375 0.0458984375