1 0.634765625 0.5966796875 0.11328125 0.3349609375
1 0.4765625 0.568359375 0.1298828125 0.3447265625
1 0.373046875 0.5185546875 0.0927734375 0.3115234375
1 0.734375 0.55078125 0.0615234375 0.302734375
1 0.80078125 0.49609375 0.06640625 0.234375
1 0.11328125 0.744140625 0.2099609375 0.51171875
2 0.1044921875 0.173828125 0.09765625 0.173828125
2 0.37109375 0.2734375 0.0400390625 0.07421875
2 0.3125 0.2880859375 0.044921875 0.072265625
2 0.4775390625 0.28515625 0.0498046875 0.08984375
2 0.5244140625 0.2763671875 0.03125 0.06640625
2 0.6357421875 0.27734375 0.0556640625 0.103515625
2 0.96875 0.2333984375 0.05078125 0.1025390625
2 0.734375 0.29296875 0.041015625 0.0791015625
2 0.798828125 0.3125 0.0283203125 0.05859375
2 0.8408203125 0.3115234375 0.03515625 0.0537109375