1 0.5751953125 0.5166015625 0.126953125 0.3212890625
1 0.7255859375 0.47265625 0.0791015625 0.212890625
1 0.8486328125 0.51171875 0.1005859375 0.2607421875
1 0.318359375 0.501953125 0.0947265625 0.24609375
1 0.447265625 0.5 0.0986328125 0.271484375
2 0.31640625 0.296875 0.0400390625 0.0693359375
2 0.353515625 0.298828125 0.0234375 0.05859375
2 0.4423828125 0.2861328125 0.0419921875 0.0791015625
2 0.5703125 0.26953125 0.0390625 0.0869140625
2 0.734375 0.3046875 0.0498046875 0.0576171875
2 0.8544921875 0.3212890625 0.0419921875 0.0625