2 0.5283203125 0.28515625 0.0283203125 0.08203125
2 0.333984375 0.2099609375 0.0390625 0.0859375
2 0.1689453125 0.2421875 0.04296875 0.0859375
2 0.0322265625 0.2607421875 0.041015625 0.08984375
2 0.79296875 0.3056640625 0.0380859375 0.0517578125
2 0.72265625 0.298828125 0.0224609375 0.052734375
2 0.6103515625 0.265625 0.0263671875 0.05859375
2 0.58203125 0.2705078125 0.03125 0.0654296875
1 0.515625 0.564453125 0.1171875 0.3720703125
1 0.328125 0.58203125 0.1455078125 0.4208984375
1 0.7880859375 0.53515625 0.0927734375 0.279296875
1 0.1650390625 0.55859375 0.12890625 0.36328125
1 0.04296875 0.5322265625 0.0693359375 0.3427734375
1 0.9072265625 0.43359375 0.046875 0.1240234375
2 0.9072265625 0.330078125 0.0224609375 0.0419921875