1 0.0673828125 0.5029296875 0.12890625 0.27734375
1 0.296875 0.591796875 0.15625 0.27734375
1 0.859375 0.84375 0.28125 0.3115234375
1 0.66796875 0.5703125 0.205078125 0.26171875
2 0.048828125 0.302734375 0.0390625 0.06640625
2 0.3125 0.322265625 0.052734375 0.0888671875
2 0.42578125 0.43359375 0.115234375 0.24609375
2 0.83984375 0.3583984375 0.0888671875 0.1513671875
2 0.90625 0.373046875 0.08203125 0.15234375
2 0.9677734375 0.3037109375 0.0498046875 0.1142578125
2 0.73046875 0.283203125 0.0556640625 0.083984375
2 0.6435546875 0.3271484375 0.037109375 0.07421875
2 0.5361328125 0.287109375 0.0439453125 0.0576171875