2 0.4931640625 0.2080078125 0.0625 0.12890625
2 0.654296875 0.2626953125 0.048828125 0.0908203125
2 0.8271484375 0.30859375 0.0498046875 0.078125
2 0.36328125 0.2578125 0.04296875 0.068359375
2 0.236328125 0.24609375 0.0380859375 0.08203125
2 0.1025390625 0.2421875 0.056640625 0.0859375
1 0.83203125 0.541015625 0.1015625 0.2900390625
1 0.6435546875 0.6044921875 0.16796875 0.4345703125
1 0.484375 0.634765625 0.1533203125 0.533203125
1 0.361328125 0.5615234375 0.09375 0.3720703125
1 0.2294921875 0.51171875 0.09765625 0.32421875
1 0.095703125 0.564453125 0.12890625 0.3623046875