0 0.66015625 0.58984375 0.01953125 0.060546875
0 0.6796875 0.595703125 0.0185546875 0.0634765625
0 0.94140625 0.55078125 0.06640625 0.0986328125
0 0.5751953125 0.6044921875 0.015625 0.0283203125
0 0.7138671875 0.6044921875 0.0322265625 0.0380859375
0 0.1337890625 0.6171875 0.0205078125 0.02734375
1 0.576171875 0.7109375 0.0419921875 0.0908203125
1 0.67578125 0.763671875 0.095703125 0.18359375
1 0.931640625 0.8271484375 0.1357421875 0.3017578125
1 0.7265625 0.712890625 0.05078125 0.1376953125
1 0.1318359375 0.68359375 0.0439453125 0.037109375