2 0.0732421875 0.3935546875 0.0703125 0.12109375
2 0.15234375 0.37890625 0.0830078125 0.1474609375
2 0.2626953125 0.2939453125 0.0576171875 0.09765625
2 0.357421875 0.318359375 0.0419921875 0.06640625
2 0.5673828125 0.435546875 0.1103515625 0.228515625
2 0.9541015625 0.29296875 0.037109375 0.0693359375
2 0.6865234375 0.3251953125 0.046875 0.06640625
1 0.921875 0.5009765625 0.15625 0.23828125
1 0.162109375 0.8681640625 0.32421875 0.263671875
1 0.353515625 0.58203125 0.2099609375 0.25390625
1 0.671875 0.603515625 0.20703125 0.2353515625