1 0.19921875 0.7734375 0.251953125 0.443359375
1 0.6279296875 0.61328125 0.1298828125 0.3642578125
1 0.7333984375 0.4052734375 0.033203125 0.0908203125
1 0.8662109375 0.3720703125 0.0625 0.078125
1 0.978515625 0.3671875 0.033203125 0.087890625
1 0.52734375 0.4150390625 0.03515625 0.083984375
1 0.453125 0.458984375 0.07421875 0.1220703125
1 0.119140625 0.4921875 0.05078125 0.1201171875
0 0.23046875 0.2861328125 0.064453125 0.1689453125
0 0.302734375 0.2822265625 0.064453125 0.1962890625
0 0.44921875 0.2822265625 0.046875 0.0537109375
0 0.6298828125 0.291015625 0.0439453125 0.0927734375
0 0.73046875 0.287109375 0.01953125 0.0322265625
0 0.8740234375 0.2998046875 0.0224609375 0.029296875
0 0.9775390625 0.2939453125 0.021484375 0.03515625
0 0.6728515625 0.29296875 0.0234375 0.0400390625
0 0.5419921875 0.2939453125 0.0205078125 0.0361328125
0 0.57421875 0.2890625 0.0361328125 0.0390625